2.313608227886603590e-09 5.231751273260302169e-03 6.504125711199631610e+01
2.361985480135229715e-09 5.234097166554141194e-03 6.504125711199542081e+01
2.411375120900350296e-09 5.236470865106961775e-03 6.504125711199425552e+01
2.461798347444457147e-09 5.238872775486444477e-03 6.504125711199287707e+01
2.513276800951497632e-09 5.241303311583221138e-03 6.504125711199112914e+01
2.565832575816378475e-09 5.243762894582146977e-03 6.504125711198899751e+01
2.619488229127616648e-09 5.246251952931296758e-03 6.504125711198638271e+01
2.674266790346853871e-09 5.248770922308969474e-03 6.504125711198317106e+01
2.730191771189208082e-09 5.251320245588790916e-03 6.504125711197920623e+01
2.787287175708302482e-09 5.253900372803218567e-03 6.504125711197434612e+01
2.845577512295561323e-09 5.256511761105541608e-03 6.504125711196842019e+01
2.905087797724923753e-09 5.259154874730651887e-03 6.504125711196118687e+01
2.965843577101571531e-09 5.261830184954741085e-03 6.504125711195231929e+01
3.027870928933238947e-09 5.264538170054107978e-03 6.504125711194154746e+01
3.091196477706408767e-09 5.267279315263305624e-03 6.504125711192843085e+01
3.155847405285453345e-09 5.270054112732775083e-03 6.504125711191248627e+01
3.221851462545509663e-09 5.272863061486189433e-03 6.504125711189314529e+01
3.289236981243168808e-09 5.275706667377659011e-03 6.504125711186969738e+01
3.358032886129109977e-09 5.278585443049014711e-03 6.504125711184133252e+01
3.428268707307420848e-09 5.281499907887315937e-03 6.504125711180707015e+01
3.499974593880563820e-09 5.284450587982772278e-03 6.504125711176570235e+01
3.573181322891402332e-09 5.287438016087267142e-03 6.504125711171585067e+01
3.647920318047307951e-09 5.290462731573610834e-03 6.504125711165585244e+01
3.724223659542294039e-09 5.293525280395727783e-03 6.504125711158376077e+01
3.802124098565679325e-09 5.296626215049917569e-03 6.504125711149718825e+01
3.881655071229030097e-09 5.299766094537336318e-03 6.504125711139340638e+01
3.962850712768789279e-09 5.302945484327883235e-03 6.504125711126917508e+01
4.045745872028908627e-09 5.306164956325579857e-03 6.504125711112058639e+01
4.130376126227286184e-09 5.309425088835665815e-03 6.504125711094316387e+01
4.216777796009675051e-09 5.312726466533457953e-03 6.504125711073153582e+01
4.304987963339774449e-09 5.316069680435174007e-03 6.504125711047944947e+01
4.395044477497895543e-09 5.319455327870814543e-03 6.504125711017955780e+01
4.486985984783746692e-09 5.322884012459223706e-03 6.504125710982317798e+01
4.580851935993869079e-09 5.326356344085467556e-03 6.504125710940030558e+01
4.676682605064560566e-09 5.329872938880617604e-03 6.504125710889903189e+01
4.774519105924086697e-09 5.333434419204060098e-03 6.504125710830562923e+01
4.874403409654674151e-09 5.337041413628428217e-03 6.504125710760396828e+01
4.976378361966606881e-09 5.340694556927252576e-03 6.504125710677527650e+01
5.080487700986316711e-09 5.344394490065433254e-03 6.504125710579779707e+01
5.186776075359958957e-09 5.348141860192607080e-03 6.504125710464612098e+01
5.295289064218964996e-09 5.351937320639482167e-03 6.504125710329077492e+01
5.406073190064325772e-09 5.355781530917267177e-03 6.504125710169770969e+01
5.519175946179028908e-09 5.359675156720189286e-03 6.504125709982730541e+01
5.634645810682014473e-09 5.363618869931253454e-03 6.504125709763388841e+01
5.752532267492935263e-09 5.367613348631239574e-03 6.504125709506455166e+01
5.872885826339185028e-09 5.371659277111036357e-03 6.504125709205833061e+01
5.995758043077030339e-09 5.375757345887354453e-03 6.504125708854490995e+01
6.121201540324192505e-09 5.379908251721863058e-03 6.504125708444328779e+01
6.249270028401095237e-09 5.384112697643821978e-03 6.504125707966039727e+01
6.380018326576430412e-09 5.388371392976209172e-03 6.504125707408911694e+01
6.513502388409992592e-09 5.392685053365448705e-03 6.504125706760673609e+01
6.649779309204903855e-09 5.397054400814704431e-03 6.504125706007242513e+01
6.788907368674033147e-09 5.401480163720811384e-03 6.504125705132501878e+01
6.930946040272851808e-09 5.405963076914891731e-03 6.504125704118006013e+01
7.075956017010186787e-09 5.410503881706630984e-03 6.504125702942688747e+01
7.223999234391203215e-09 5.415103325932281268e-03 6.504125701582499630e+01
7.375138893612312261e-09 5.419762164006395981e-03 6.504125700010014555e+01
7.529439484996307142e-09 5.424481156977313187e-03 6.504125698194005167e+01
7.686966811654512222e-09 5.429261072586415507e-03 6.504125696098932963e+01
7.847788013362158601e-09 5.434102685331165632e-03 6.504125693684413534e+01
8.011971592936377275e-09 5.439006776531920932e-03 6.504125690904589874e+01
8.179587431754095846e-09 5.443974134402591349e-03 6.504125687707447412e+01
8.350706826636189127e-09 5.449005554125056425e-03 6.504125684034059418e+01
8.525402506465842048e-09 5.454101837927453379e-03 6.504125679817718719e+01
8.703748658766196923e-09 5.459263795166228658e-03 6.504125674982996941e+01
8.885820954474075303e-09 5.464492242412078739e-03 6.504125669444690061e+01
9.071696572785821710e-09 5.469788003539666557e-03 6.504125663106646016e+01
9.261454226048806087e-09 5.475151909821191626e-03 6.504125655860467248e+01
9.455174184669359017e-09 5.480584800023793890e-03 6.504125647584062619e+01
9.652938302007753296e-09 5.486087520510770504e-03 6.504125638140068588e+01
9.854830044459121559e-09 5.491660925346635892e-03 6.504125627374072849e+01
1.006093449640072923e-08 5.497305876405999062e-03 6.504125615112675973e+01
1.027133841314181391e-08 5.503023243486278131e-03 6.504125601161345571e+01
1.048613022741010582e-08 5.508813904424223439e-03 6.504125585302028867e+01
1.070540007797019412e-08 5.514678745216276129e-03 6.504125567290566323e+01
1.092923983369299216e-08 5.520618660142752668e-03 6.504125546853809681e+01
1.115774311734445268e-08 5.526634551895823200e-03 6.504125523686464305e+01
1.139100532904593032e-08 5.532727331711332318e-03 6.504125497447628845e+01
1.162912366935962786e-08 5.538897919504439694e-03 6.504125467756978196e+01
1.187219716194609891e-08 5.545147244009061491e-03 6.504125434190622457e+01
1.212032668110558537e-08 5.551476242921138567e-03 6.504125396276506876e+01
1.237361495310129964e-08 5.557885863045731491e-03 6.504125353489442318e+01
1.263216660621518570e-08 5.564377060447933676e-03 6.504125305245644029e+01
1.289608817268181942e-08 5.570950800607614786e-03 6.504125250896754551e+01
1.316548811279453608e-08 5.577608058577983134e-03 6.504125189723363576e+01
1.344047683381364925e-08 5.584349819148014780e-03 6.504125120927905357e+01
1.372116670803134417e-08 5.591177077008704227e-03 6.504125043626937952e+01
1.400767208992626210e-08 5.598090836923167064e-03 6.504124956842760241e+01
1.430010933233771360e-08 5.605092113900626664e-03 6.504124859494272926e+01
1.459859680158756085e-08 5.612181933374277981e-03 6.504124750387070719e+01
1.490325489400776934e-08 5.619361331383013712e-03 6.504124628202688996e+01
1.521420603914836655e-08 5.626631354757090017e-03 6.504124491486943782e+01
1.553157472498292060e-08 5.633993061307702305e-03 6.504124338637312519e+01
1.585548749935923968e-08 5.641447520020500574e-03 6.504124167889256114e+01
1.618607298081262612e-08 5.648995811253086814e-03 6.504123977301470916e+01
1.652346186577757115e-08 5.656639026936471915e-03 6.504123764739911451e+01
1.686778693419959297e-08 5.664378270780577943e-03 6.504123527860585341e+01
1.721918305346534727e-08 5.672214658483774527e-03 6.504123264090979717e+01
1.757778718056525449e-08 5.680149317946455410e-03 6.504122970610052334e+01
1.794373836240519146e-08 5.688183389488779204e-03 6.504122644326707814e+01
1.831717773417963883e-08 5.696317908677311567e-03 6.504122281856626842e+01
1.869824851572234222e-08 5.704554262665192249e-03 6.504121879497380121e+01
1.908709600574573380e-08 5.712893525011417291e-03 6.504121433201694913e+01
1.948386757388444076e-08 5.721336887833536333e-03 6.504120938548803110e+01
1.988871265045638417e-08 5.729885556807499947e-03 6.504120390713690369e+01
2.030178271385368770e-08 5.738540751409804477e-03 6.504119784434195140e+01
2.072323127548113807e-08 5.747303705163971967e-03 6.504119113975770006e+01
2.115321386215413571e-08 5.756175665891385095e-03 6.504118373093822925e+01
2.159188799587607426e-08 5.765157895966590770e-03 6.504117554993493400e+01
2.203941317090839109e-08 5.774251672577075840e-03 6.504116652286668909e+01
2.249595082805724435e-08 5.783458143296838806e-03 6.504115656946180479e+01
2.296166432609393977e-08 5.792778885958020652e-03 6.504114560256979871e+01
2.343671891023320828e-08 5.802215095903266555e-03 6.504113352764117906e+01
2.392128167759510676e-08 5.811768111993819742e-03 6.504112024217417343e+01
2.441552153957666789e-08 5.821439289244459414e-03 6.504110563512639942e+01
2.491960918106387897e-08 5.831229999108951227e-03 6.504108958628977177e+01
2.543371701641939662e-08 5.841141629770226634e-03 6.504107196562711124e+01
2.595801914217747393e-08 5.851175586435370009e-03 6.504105263256830938e+01
2.649269128639291227e-08 5.861333291635480343e-03 6.504103143526431552e+01
2.703791075458210495e-08 5.871616185530462162e-03 6.504100820979738273e+01
2.759385637220663812e-08 5.882025773405062143e-03 6.504098277934500061e+01
2.816070842365211411e-08 5.892563441812645464e-03 6.504095495329592325e+01
2.873864858765831697e-08 5.903230728662172029e-03 6.504092452631644505e+01
2.932785986916105536e-08 5.914029147799306982e-03 6.504089127736418163e+01
2.992852652751493799e-08 5.924960232299220607e-03 6.504085496864792049e+01
3.054083400106699880e-08 5.936025534802405641e-03 6.504081534453116831e+01
3.116496882806003577e-08 5.947226627855933812e-03 6.504077213037707850e+01
3.180111856384712778e-08 5.958565104260220117e-03 6.504072503133266991e+01
3.244947169441008687e-08 5.970042577421463131e-03 6.504067373105033312e+01
3.311021754617259135e-08 5.981660681709735292e-03 6.504061789034392405e+01
3.378354619211432599e-08 5.993421226526472571e-03 6.504055714577773983e+01
3.446964835419156887e-08 6.005325599751787022e-03 6.504049110818547774e+01
3.516871530208102003e-08 6.017375638571991446e-03 6.504041936111768507e+01
3.588093874826866960e-08 6.029573065093225825e-03 6.504034145921454524e+01
3.660651073951165114e-08 6.041919624279984240e-03 6.504025692650256474e+01
3.734562354471307575e-08 6.054417084350451408e-03 6.504016525461217668e+01
3.809846953924714309e-08 6.067067237178273321e-03 6.504006590091465512e+01
3.886524108579490678e-08 6.079871898700834817e-03 6.503995828657556899e+01
3.964613041173881620e-08 6.092832909334200235e-03 6.503984179452287151e+01
4.044132948319110971e-08 6.105952134394797802e-03 6.503971576732752169e+01
4.125102987572540342e-08 6.119231529470896096e-03 6.503957950499408014e+01
4.207542264189341936e-08 6.132672889193516164e-03 6.503943226265985800e+01
4.291469817561782960e-08 6.146278213951212460e-03 6.503927324819987632e+01
4.376904607355564083e-08 6.160049473116141656e-03 6.503910161973621484e+01
4.463865499354116807e-08 6.173988663183668617e-03 6.503891648304964690e+01
4.552371251021310030e-08 6.188097808237711175e-03 6.503871688889157099e+01
4.642440496795465851e-08 6.202378960423649175e-03 6.503850183019486053e+01
4.734091733126552329e-08 6.216834200429024147e-03 6.503827023918172756e+01
4.827343303270909106e-08 6.231465637972073875e-03 6.503802098436695189e+01
4.922213381856700383e-08 6.246275412298286575e-03 6.503775286745562312e+01
5.018719959235673412e-08 6.261265794960542072e-03 6.503746462013327800e+01
5.116880825636899861e-08 6.276438794713858592e-03 6.503715490074793593e+01
5.216713555138082838e-08 6.291796732892311617e-03 6.503682229088249755e+01
5.318235489471952547e-08 6.307341872167152898e-03 6.503646529181722258e+01
5.421463721685131970e-08 6.323076507363378264e-03 6.503608232088079433e+01
5.526415079667743998e-08 6.339002966008856071e-03 6.503567170769012762e+01
5.633106109572072462e-08 6.355123608892529995e-03 6.503523169027805295e+01
5.741553059140181687e-08 6.371440830631894779e-03 6.503476041110901917e+01
5.851771860959729482e-08 6.387957060249866391e-03 6.503425591298261565e+01
5.963778115669236756e-08 6.404674761761203552e-03 6.503371613482531188e+01
6.077587075131809780e-08 6.421596472708623882e-03 6.503313890737091185e+01
6.193213625600893731e-08 6.438724658243410136e-03 6.503252194873000747e+01
6.310672270897639180e-08 6.456061924352654233e-03 6.503186285985020731e+01
6.429977115622710406e-08 6.473610881160303879e-03 6.503115911986732556e+01
6.551141848424924319e-08 6.491374176872282721e-03 6.503040808134983308e+01
6.674179725348503309e-08 6.509354498424656764e-03 6.502960696543816255e+01
6.799103553282995104e-08 6.527554572142561275e-03 6.502875285688027418e+01
6.925925673536948109e-08 6.545977164410151858e-03 6.502784269896696401e+01
7.054657945560500441e-08 6.564625082351747097e-03 6.502687328836867664e+01
7.185311730838045226e-08 6.583501174524279860e-03 6.502584126987693480e+01
7.317897876976033769e-08 6.602608388222750216e-03 6.502474313105463466e+01
7.452426702008083696e-08 6.621949551913835184e-03 6.502357519679750908e+01
7.588907978940416816e-08 6.641527692293713175e-03 6.502233362381183213e+01
7.727350920561534207e-08 6.661345830945038411e-03 6.502101439501268487e+01
7.867764164539358394e-08 6.681407034538383756e-03 6.501961331384696052e+01
8.010155758826523480e-08 6.701714415598653690e-03 6.501812599854751795e+01
8.154533147399655645e-08 6.722271133284348117e-03 6.501654787632264743e+01
8.300903156352158894e-08 6.743080394180018741e-03 6.501487417748828079e+01
8.449271980363897362e-08 6.764145453102033377e-03 6.501309992954844574e+01
8.599645169569445010e-08 6.785469613917925746e-03 6.501121995123159536e+01
8.752027616845044889e-08 6.807056251449247405e-03 6.500922884648960576e+01
8.906423545536855348e-08 6.828908731171520752e-03 6.500712099846766989e+01
9.062836497648337084e-08 6.851030527536438285e-03 6.500489056345324457e+01
9.221269322509533107e-08 6.873425149146496216e-03 6.500253146481313138e+01
9.381724165943906454e-08 6.896096157971014738e-03 6.500003738692727495e+01
9.544202459955219071e-08 6.919047170252768698e-03 6.499740176912987977e+01
9.708704912947652342e-08 6.942281857430004401e-03 6.499461779966776476e+01
9.875231500500886409e-08 6.965803947074088870e-03 6.499167840968637222e+01
1.004378145671371462e-07 6.989617223843091684e-03 6.498857626725556713e+01
1.021435326613212790e-07 7.013725530451526621e-03 6.498530377144639658e+01
1.038694465627820625e-07 7.038132801361093698e-03 6.498185304647128646e+01
1.056155259079199602e-07 7.062842937982064147e-03 6.497821593590077782e+01
1.073817326319993885e-07 7.087859991594829857e-03 6.497438399697024636e+01
1.091680209132331596e-07 7.113188047268671939e-03 6.497034849498997744e+01
1.109743371233618154e-07 7.138831253243222395e-03 6.496610039787397284e+01
1.128006197848434439e-07 7.164793822002925826e-03 6.496163037080182789e+01
1.146467995347353204e-07 7.191080031369857968e-03 6.495692877102946738e+01
1.165127990953734395e-07 7.217694225615307879e-03 6.495198564286491205e+01
1.183985332518946816e-07 7.244640816590493249e-03 6.494679071282557459e+01
1.203039088366810138e-07 7.271924284876644766e-03 6.494133338499410968e+01
1.222288247207805414e-07 7.299549193945212115e-03 6.493560273659076643e+01
1.241731718123446927e-07 7.327520141437602642e-03 6.492958751377982196e+01
1.261368330620944133e-07 7.355841832470027923e-03 6.492327612772939460e+01
1.281196834758757623e-07 7.384519034488673181e-03 6.491665665094322435e+01
1.301215901342783336e-07 7.413556589729892489e-03 6.490971681388386116e+01
1.321424122193267991e-07 7.442959416495244403e-03 6.490244400190779572e+01
1.341820010482546270e-07 7.472732510448567254e-03 6.489482525253217204e+01
1.362402001142878182e-07 7.502880945935623200e-03 6.488684725305462564e+01
1.383168451344862009e-07 7.533409877326644952e-03 6.487849633854646925e+01
1.404117641044985783e-07 7.564324540382226687e-03 6.486975849024150875e+01
1.425247773602635198e-07 7.595630275159622434e-03 6.486061933434166349e+01
1.446556976465628616e-07 7.627332444847374771e-03 6.485106414126175878e+01
1.468043301923235967e-07 7.659436556375204957e-03 6.484107782533524755e+01
1.489704727926305702e-07 7.691948185282839086e-03 6.483064494500391106e+01
1.511539158973320541e-07 7.724872995705628874e-03 6.481974970351342336e+01
1.533544427061410601e-07 7.758216741891163157e-03 6.480837595013773011e+01
1.555718292700926813e-07 7.791985269742470084e-03 6.479650718195492232e+01
1.578058445993089969e-07 7.826184518388444936e-03 6.478412654619701527e+01
1.600562507768308245e-07 7.860820521781951981e-03 6.477121684319614303e+01
1.623228030784821988e-07 7.895899410326119930e-03 6.475776052994991971e+01
1.646052500985652181e-07 7.931427421529625016e-03 6.474373972432736934e+01
1.669033338812140744e-07 7.967410867183846723e-03 6.472913620993807626e+01
1.692167900572995869e-07 8.003856184831289328e-03 6.471393144168544609e+01
1.715453479866780613e-07 8.040769907556612889e-03 6.469810655202537930e+01
1.738887309055900053e-07 8.078158673473041437e-03 6.468164235795079264e+01
1.762466560790742837e-07 8.116029227530012491e-03 6.466451936872158512e+01
1.786188349581705781e-07 8.154388423353043855e-03 6.464671779435965959e+01
1.810049733417107527e-07 8.193243225116412717e-03 6.462821755492684872e+01
1.834047715425322624e-07 8.232600709449283682e-03 6.460899829060352317e+01
1.858179245578772525e-07 8.272468067375875547e-03 6.458903937258415340e+01
1.882441222437625766e-07 8.312852621866163513e-03 6.456831991480490274e+01
1.906830494931318153e-07 8.353761770184618685e-03 6.454681878651769011e+01
1.931343864175481055e-07 8.395203071890225063e-03 6.452451462572324203e+01
1.955978085322264760e-07 8.437184195757643085e-03 6.450138585347444575e+01
1.980729869441423151e-07 8.479712935200620430e-03 6.447741068905962436e+01
2.005595885430453741e-07 8.522797210431816428e-03 6.445256716607427450e+01
2.030572761950869724e-07 8.566445070661480796e-03 6.442683314938676631e+01
2.055657089388780818e-07 8.610664696335921728e-03 6.440018635300283734e+01
2.080845421837382080e-07 8.655464401416410394e-03 6.437260435883162302e+01
2.106134279098539615e-07 8.700852635699298995e-03 6.434406463635230011e+01
2.131520148701977098e-07 8.746837993975516840e-03 6.431454456318051882e+01
2.156999487938852586e-07 8.793429192421930995e-03 6.428402144652953609e+01
2.182568725908122362e-07 8.840635108499483169e-03 6.425247254555915788e+01
2.208224265572921462e-07 8.888464759428532647e-03 6.421987509460360855e+01
2.233962485824656973e-07 8.936927310515945314e-03 6.418620632726552344e+01
2.259779743552818538e-07 8.986032077740218477e-03 6.415144350136151274e+01
2.285672375718246608e-07 9.035788530383547304e-03 6.411556392470174615e+01
2.311636701426745591e-07 9.086206293711962187e-03 6.407854498168241264e+01
2.337669024002362429e-07 9.137295151704255200e-03 6.404036416066752224e+01
2.363765633056521857e-07 9.189065049830741697e-03 6.400099908213351796e+01
2.389922806552218170e-07 9.241526110184593995e-03 6.396042752754605232e+01
2.416136812859937029e-07 9.294688587321169732e-03 6.391862746893656322e+01
2.442403912804147678e-07 9.348562938866981920e-03 6.387557709914146642e+01
2.468720361698211196e-07 9.403159785131209522e-03 6.383125486266497006e+01
2.495082411364820885e-07 9.458489922596544780e-03 6.378563948712200471e+01
2.521486312141378717e-07 9.514564327017919348e-03 6.373871001521538204e+01
2.547928314867206623e-07 9.571394156577999260e-03 6.369044583719747976e+01
2.574404672851569845e-07 9.628990755100527710e-03 6.364082672376394356e+01
2.600911643820219000e-07 9.687365655322587726e-03 6.358983285932297491e+01
2.627445491839122071e-07 9.746530582226872394e-03 6.353744487558196852e+01
2.654002489213135881e-07 9.806497456435090201e-03 6.348364388538841752e+01
2.680578918358805994e-07 9.867278404286977320e-03 6.342841151676083911e+01
2.707171073648693078e-07 9.928885736041510868e-03 6.337172994704130247e+01
2.733775263227065321e-07 9.991331985871347229e-03 6.331358193709900917e+01
2.760387810794007633e-07 1.005462989218167298e-02 6.325395086551196044e+01
2.787005057358058809e-07 1.011879240694519774e-02 6.319282076265069747e+01
2.813623362954834497e-07 1.018383269948721324e-02 6.313017634458675786e+01
2.840239108331204514e-07 1.024976416034008991e-02 6.306600304674565649e+01
2.866848696593766132e-07 1.031660040516860395e-02 6.300028705722304778e+01
2.893448554819794863e-07 1.038435527876720860e-02 6.293301534968065170e+01
2.920035135630806157e-07 1.045304285913067899e-02 6.286417571573770147e+01
2.946604918726865052e-07 1.052267747414866762e-02 6.279375679677241351e+01
2.973154412381120233e-07 1.059327365789087573e-02 6.272174811504709169e+01
2.999680154893515317e-07 1.066484622380423249e-02 6.264814010407037870e+01
3.026178716003378296e-07 1.073741022496623766e-02 6.257292413811004650e+01
3.052646698259484620e-07 1.081098096916399687e-02 6.249609256076920616e+01
3.079080738347897281e-07 1.088557402343444912e-02 6.241763871254061513e+01
3.105477508375750061e-07 1.096120521868794440e-02 6.233755695725346868e+01
3.131833717112311212e-07 1.103789065441626235e-02 6.225584270732883851e+01
3.158146111184648280e-07 1.111564670348688839e-02 6.217249244776171224e+01
3.184411476229839610e-07 1.119449001702493146e-02 6.208750375874901550e+01
3.210626638001267139e-07 1.127443753538143190e-02 6.200087533688551389e+01
3.236788463430558015e-07 1.135550647030190811e-02 6.191260701485264661e+01
3.262893861644251771e-07 1.143771434296713026e-02 6.182269977952748974e+01
3.288939784934339147e-07 1.152107896819045720e-02 6.173115578844318918e+01
3.314923229683972753e-07 1.160561846482691811e-02 6.163797838453533018e+01
3.340841237248115045e-07 1.169135126121493770e-02 6.154317210911392522e+01
3.366690894787180746e-07 1.177829610071722682e-02 6.144674271300275592e+01
3.392469336057788151e-07 1.186647204736228367e-02 6.134869716579551380e+01
3.418173742155837317e-07 1.195589849158847258e-02 6.124904366318094162e+01
3.443801342216757489e-07 1.204659515609236495e-02 6.114779163229491843e+01
3.469349414069790822e-07 1.213858211357930587e-02 6.104495173506386152e+01
3.494815284848749190e-07 1.223187974782250290e-02 6.094053586950818158e+01
3.520196331557895195e-07 1.232650882444975490e-02 6.083455716898166088e+01
3.545489981595540875e-07 1.242249045588504630e-02 6.072702999932821655e+01
3.570693713232790729e-07 1.251984611768916858e-02 6.061796995394342247e+01
3.595805056051326989e-07 1.261859765507335196e-02 6.050739384673566690e+01
3.620821591337879213e-07 1.271876728953041241e-02 6.039531970298691022e+01
3.645740952437361326e-07 1.282037762558529102e-02 6.028176674812112168e+01
3.670560825065504064e-07 1.292345165766711594e-02 6.016675539439341236e+01
3.695278947580239570e-07 1.302801277710478878e-02 6.005030722552089628e+01
3.719893111214253227e-07 1.313408478506831491e-02 5.993244497928206727e+01
3.744401160267674129e-07 1.324169187762538891e-02 5.981319252811807985e+01
3.768800992263032341e-07 1.335085868496857682e-02 5.969257485777598049e+01
3.793090558062466032e-07 1.346161025855691605e-02 5.957061804403971905e+01
3.817267861947520441e-07 1.357397208365815865e-02 5.944734922760125784e+01
3.841330961663929457e-07 1.368797008713053091e-02 5.932279658713031978e+01
3.865277968429983769e-07 1.380363064534336631e-02 5.919698931060505487e+01
3.889107046911504225e-07 1.392098059223854760e-02 5.906995756497470751e+01
3.912816415162595048e-07 1.404004722753543662e-02 5.894173246422698753e+01
3.936404344533295013e-07 1.416085832508137861e-02 5.881234603593969723e+01
3.959869159546423623e-07 1.428344215313533810e-02 5.868183118640054374e+01
3.983209237742250084e-07 1.440782743810404588e-02 5.855022166438201481e+01
4.006423009493949713e-07 1.453404343777228366e-02 5.841755202366372401e+01
4.029508957792779438e-07 1.466211990907023872e-02 5.828385758439579689e+01
4.052465618006333010e-07 1.479208712708946979e-02 5.814917439340268857e+01
4.075291577607764154e-07 1.492397589436034872e-02 5.801353918352614158e+01
4.097985475879712557e-07 1.505781755029307958e-02 5.787698933211078156e+01
4.120546003591639902e-07 1.519364398078448287e-02 5.773956281873670804e+01
4.142971902653718970e-07 1.533148762799358723e-02 5.760129818230358723e+01
4.165261965745584391e-07 1.547138150028876981e-02 5.746223447757351721e+01
4.187415035922641265e-07 1.561335918835066866e-02 5.732241123127923998e+01
4.209430006201406001e-07 1.575745485268465265e-02 5.718186839790407561e+01
4.231305819121754928e-07 1.590370326677326487e-02 5.704064631524037310e+01
4.253041466291256034e-07 1.605213980685537764e-02 5.689878565983159575e+01
4.274635987908653120e-07 1.620280046779102451e-02 5.675632740240304486e+01
4.296088472269342547e-07 1.635572187409803716e-02 5.661331276338250262e+01
4.317398055254072389e-07 1.651094129118094861e-02 5.646978316861315506e+01
4.338563919799809949e-07 1.666849663675479959e-02 5.632578020535547125e+01
4.359585295355967253e-07 1.682842649246745967e-02 5.618134557867512768e+01
4.380461457325443481e-07 1.699077011572354065e-02 5.603652106830829638e+01
4.401191726490914197e-07 1.715556746421549941e-02 5.589134848609462125e+01
4.421775468428827487e-07 1.732285916055675834e-02 5.574586963406304108e+01
4.442212092910644311e-07 1.749268657296735446e-02 5.560012626325312368e+01
4.462501053292364385e-07 1.766509178434157168e-02 5.545416003334903365e+01
4.482641845893413334e-07 1.784011761560320639e-02 5.530801247320021474e+01
4.502634009365327332e-07 1.801780763881185785e-02 5.516172494229905965e+01
4.522477124051966349e-07 1.819820619049571445e-02 5.501533859327813047e+01
4.542170811339456075e-07 1.838135838521387858e-02 5.486889433549025341e+01
4.561714733000736878e-07 1.856731012935278896e-02 5.472243279972349228e+01
4.581108590530984406e-07 1.875610813516002603e-02 5.457599430410476060e+01
4.600352124478118446e-07 1.894779994154104086e-02 5.442961882123551476e+01
4.619445113766415888e-07 1.914243390376049042e-02 5.428334594660163503e+01
4.638387375017019829e-07 1.934005924377925692e-02 5.413721486829346929e+01
4.657178761861262143e-07 1.954072604256371429e-02 5.399126433806601000e+01
4.675819164253477298e-07 1.974448526082474981e-02 5.384553264376800996e+01
4.694308507778292455e-07 1.995138875456524755e-02 5.370005758315890176e+01
4.712646752957037189e-07 2.016148929089519801e-02 5.355487643913264861e+01
4.730833894550664492e-07 2.037484056411847586e-02 5.341002595635977457e+01
4.748869960863413982e-07 2.059149721209694445e-02 5.326554231935649852e+01
4.766755013043876318e-07 2.081151483289588044e-02 5.312146113198411967e+01
4.784489144386793468e-07 2.103495001570559672e-02 5.297781739837893866e+01
4.802072479634534991e-07 2.126186030484008421e-02 5.283464550530700166e+01
4.819505174280580198e-07 2.149230429350305199e-02 5.269197920593838802e+01
4.836787413872349684e-07 2.172634159292573947e-02 5.254985160502565122e+01
4.853919413317156060e-07 2.196403286218647985e-02 5.240829514547446166e+01
4.870901416190530614e-07 2.220543982665594204e-02 5.226734159628624354e+01
4.887733694045831106e-07 2.245062529676155466e-02 5.212702204185176669e+01
4.904416545727354166e-07 2.269965318707643440e-02 5.198736687257221689e+01
4.920950296688252483e-07 2.295258853573938287e-02 5.184840577677965001e+01
4.937335298309883479e-07 2.320949752421159334e-02 5.171016773392833699e+01
4.953571927227681200e-07 2.347044750487402992e-02 5.157268100902577146e+01
4.969660584658458631e-07 2.373550699296140057e-02 5.143597314826903499e+01
4.985601695736482095e-07 2.400474572820463989e-02 5.130007097585199460e+01
5.001395708851566883e-07 2.427823466993075940e-02 5.116500059190568095e+01
5.017043094992834249e-07 2.455604602485895668e-02 5.103078737153492739e+01
5.032544347100980016e-07 2.483825326901693484e-02 5.089745596491049895e+01
5.047899979422727476e-07 2.512493117004170953e-02 5.076503029837660108e+01
5.063110526873796146e-07 2.541615580987217904e-02 5.063353357653311804e+01
5.078176544408420201e-07 2.571200460784090272e-02 5.050298828524997674e+01
5.093098606394139694e-07 2.601255634417330362e-02 5.037341619557130912e+01
5.107877305994881053e-07 2.631789120032867330e-02 5.024483836846721374e+01
5.122513254560989590e-07 2.662809072088326290e-02 5.011727516038949659e+01
5.137007081025628536e-07 2.694323792771728676e-02 4.999074622958890046e+01
5.151359431308936884e-07 2.726341728815845702e-02 4.986527054315125440e+01
5.165570967730990035e-07 2.758871475433848086e-02 4.974086638470912192e+01
5.179642368431714573e-07 2.791921778931412065e-02 4.961755136278799938e+01
5.193574326797430023e-07 2.825501539365703890e-02 4.949534241974445337e+01
5.207367550898014512e-07 2.859619813252123680e-02 4.937425584125526257e+01
5.221022762930382950e-07 2.894285816319795007e-02 4.925430726631758205e+01
5.234540698670500121e-07 2.929508926316842787e-02 4.913551169772015470e+01
5.247922106934710083e-07 2.965298686762102634e-02 4.901788351294651847e+01
5.261167749047936057e-07 3.001664806448688799e-02 4.890143647547307637e+01
5.274278398321934607e-07 3.038617167277638323e-02 4.878618374642429245e+01
5.287254839540608770e-07 3.076165824163529239e-02 4.867213789654998379e+01
5.300097868455558646e-07 3.114321008850550951e-02 4.855931091848922421e+01
5.312808402969327530e-07 3.153093133038906148e-02 4.844771423928778376e+01
5.325387034653321439e-07 3.192492791568719152e-02 4.833735873313652576e+01
5.337834702182144744e-07 3.232530765662613992e-02 4.822825473429897869e+01
5.350152240296673508e-07 3.273218026228179311e-02 4.812041205019902179e+01
5.362340492311333760e-07 3.314565737221567693e-02 4.801383997463905473e+01
5.374400309659137864e-07 3.356585261064844866e-02 4.790854730112138782e+01
5.386332551446399301e-07 3.399288154568784470e-02 4.780454233624655558e+01
5.398138084020108470e-07 3.442686183316116810e-02 4.770183291316349283e+01
5.409817780539138144e-07 3.486791318374515142e-02 4.760042640504755695e+01
5.421372520557257618e-07 3.531615741642696316e-02 4.750032973858423446e+01
5.432803618743458068e-07 3.577171849608509063e-02 4.740154940743682488e+01
5.444111102948389264e-07 3.623472257177545730e-02 4.730409148567806454e+01
5.455296303679529352e-07 3.670529801573604867e-02 4.720796164116676152e+01
5.466360122063201423e-07 3.718357546312429929e-02 4.711316514885183437e+01
5.477303463660318742e-07 3.766968785250195129e-02 4.701970690398693620e+01
5.488127238099091144e-07 3.816377047809246803e-02 4.692759143524034471e+01
5.498832358719058382e-07 3.866596098997056308e-02 4.683682291768571559e+01
5.509419742219253811e-07 3.917639949672667432e-02 4.674740518566008518e+01
5.519890308318301717e-07 3.969522857090813928e-02 4.665934174547742685e+01
5.530244979419572486e-07 4.022259330261304666e-02 4.657263578798628600e+01
5.540484883309745599e-07 4.075864134476160638e-02 4.648729020096064346e+01
5.550610538332291194e-07 4.130352295921519562e-02 4.640330758131570832e+01
5.560623078498660823e-07 4.185739106375770124e-02 4.632069024713916150e+01
5.570523433785099646e-07 4.242040127995175269e-02 4.623944024953098619e+01
5.580312535308540442e-07 4.299271198188421572e-02 4.615955938424490768e+01
5.589991315040042843e-07 4.357448437063739938e-02 4.608104920312541708e+01
5.599560705527125337e-07 4.416588243056887575e-02 4.600391102533529164e+01
5.609021639623549060e-07 4.476707311567164338e-02 4.592814594836905684e+01
5.618375050225868308e-07 4.537822631599188611e-02 4.585375485884890168e+01
5.627621870017346014e-07 4.599951493163765420e-02 4.578073844309959384e+01
5.636763419157992548e-07 4.663111492712217893e-02 4.570909719750013522e+01
5.645799848577456760e-07 4.727320538667838246e-02 4.563883143861020386e+01
5.654732481560595441e-07 4.792596857055223675e-02 4.556994131306994689e+01
5.663562247524948700e-07 4.858958997228279147e-02 4.550242680727262723e+01
5.672290074503807874e-07 4.926425837697587934e-02 4.543628775680910081e+01
5.680916888931539265e-07 4.995016593448732556e-02 4.537152385568522561e+01
5.689443615436576697e-07 5.064750816687221824e-02 4.530813466531217415e+01
5.697871176640755177e-07 5.135648410521876511e-02 4.524611962327017523e+01
5.706200492964870246e-07 5.207729630375802776e-02 4.518547805184817889e+01
5.714432482441091945e-07 5.281015091470851047e-02 4.512620916636021917e+01
5.722568243235380883e-07 5.355525775257106297e-02 4.506831208324057059e+01
5.730608320397226405e-07 5.431283035942192222e-02 4.501178582792049099e+01
5.738553808711161597e-07 5.508308607119592054e-02 4.495662934248841935e+01
5.746405614895862473e-07 5.586624608494961813e-02 4.490284149313702500e+01
5.754164642432772175e-07 5.666253552709359792e-02 4.485042107739975137e+01
5.761831791411700639e-07 5.747218355430641634e-02 4.479936683118030061e+01
5.769407958386207473e-07 5.829542330319261584e-02 4.474967743557834154e+01
5.776894036230688449e-07 5.913249213358342388e-02 4.470135152351511465e+01
5.784290914004531530e-07 5.998363159063464095e-02 4.465438768616251508e+01
5.791599476821483216e-07 6.084908750395041227e-02 4.460878447917966838e+01
5.798820953452528573e-07 6.172911006120684885e-02 4.456454042876091393e+01
5.805955520936662359e-07 6.262395388257201156e-02 4.452165403749896200e+01
5.813004403947715158e-07 6.353387809588148527e-02 4.448012379006796380e+01
5.819968470608211952e-07 6.445914641252481481e-02 4.443994815873009685e+01
5.826848584515145857e-07 6.540002720399526459e-02 4.440112560867002856e+01
5.833645604639402491e-07 6.635679359700658031e-02 4.436365460316213216e+01
5.840360385226591472e-07 6.732972348303108145e-02 4.432753360857372371e+01
5.846993775705669564e-07 6.831909969396701698e-02 4.429276109920970583e+01
5.853546620600431027e-07 6.932521001861423338e-02 4.425933556200234165e+01
5.860019759444469745e-07 7.034834729652555962e-02 4.422725550105074177e+01
5.866414189892294763e-07 7.138880949722306579e-02 4.419651944201427085e+01
5.872730412812239485e-07 7.244689979958807147e-02 4.416712593636453477e+01
5.878969417585772282e-07 7.352292667133102089e-02 4.413907356549963623e+01
5.885132023026145793e-07 7.461720394843932014e-02 4.411236094472587865e+01
5.891219042594080176e-07 7.573005091449841464e-02 4.408698672710998778e+01
5.897231284338288686e-07 7.686179242110477428e-02 4.406294960720754261e+01
5.903169550837550150e-07 7.801275880969878174e-02 4.404024832467010242e+01
5.909034639146261692e-07 7.918328621407473566e-02 4.401888166773663613e+01
5.914827340745223999e-07 8.037371649501737214e-02 4.399884847661241594e+01
5.920548441492206361e-07 8.158439735140057825e-02 4.398014764673938259e+01
5.926199031215350807e-07 8.281568239609794768e-02 4.396277813196271467e+01
5.931779261162429527e-07 8.406793123081324204e-02 4.394673894759647226e+01
5.937290213721639951e-07 8.534150951966353038e-02 4.393202917339255009e+01
5.942732651852096555e-07 8.663678906133881474e-02 4.391864795641711083e+01
5.948107332700060217e-07 8.795414785965767479e-02 4.390659451383734790e+01
5.953415007571063421e-07 8.929397021592118400e-02 4.389586813562274159e+01
5.958656421900540451e-07 9.065664670613135523e-02 4.388646818716427589e+01
5.963832315232949083e-07 9.204257437355310711e-02 4.387839411181477800e+01
5.968943421197972141e-07 9.345215670927561891e-02 4.387164543335413924e+01
5.973990467492372987e-07 9.488580373126975775e-02 4.386622175838250826e+01
5.978974320784358091e-07 9.634393204101970865e-02 4.386212277864454734e+01
5.983895405141908468e-07 9.782696487704559130e-02 4.385934827328838992e+01
5.988754577189627411e-07 9.933533216506862384e-02 4.385789811106180736e+01
5.993552540748995541e-07 1.008694705645651613e-01 4.385777225244904542e+01
5.998289993648852901e-07 1.024298235114499966e-01 4.385897075175090265e+01
6.002967627718956213e-07 1.040168413113536222e-01 4.386149375911130477e+01
6.007586128787540483e-07 1.056309809660729848e-01 4.386534152249273433e+01
6.012146176678140511e-07 1.072727064998502400e-01 4.387051438960349969e+01
6.016648445211542241e-07 1.089424887946603415e-01 4.387701280977960039e+01
6.021093602207230127e-07 1.106408056547409785e-01 4.388483733582324930e+01
6.025482583791937669e-07 1.123681418202184534e-01 4.389398862580126348e+01
6.029815493612366533e-07 1.141249889748668228e-01 4.390446744480515662e+01
6.034093259435748654e-07 1.159118457476914915e-01 4.391627466667558366e+01
6.038316525131537204e-07 1.177292177080301178e-01 4.392941127569341830e+01
6.042485928603081262e-07 1.195776173538576764e-01 4.394387836823976556e+01
6.046602101800916819e-07 1.214575641087211194e-01 4.395967715442679236e+01
6.050665670734520422e-07 1.233695842358035755e-01 4.397680895970202641e+01
6.054677255488434560e-07 1.253142108892884854e-01 4.399527522642750910e+01
6.058637470237121449e-07 1.272919840179557172e-01 4.401507751543633873e+01
6.062546923263089534e-07 1.293034503278127079e-01 4.403621750756840214e+01
6.066406216974566835e-07 1.313491632230054385e-01 4.405869700518697840e+01
6.070216074361272041e-07 1.334296827377282335e-01 4.408251793367826110e+01
6.073976831614000754e-07 1.355455754588223150e-01 4.410768234293559686e+01
6.077689201757577966e-07 1.376974144387546894e-01 4.413419240882986117e+01
6.081353763912914755e-07 1.398857790986800242e-01 4.416205043466814573e+01
6.084971091436112310e-07 1.421112551212867225e-01 4.419126111569836723e+01
6.088541751944212789e-07 1.443744343331408442e-01 4.422182271038651891e+01
6.092066307339836336e-07 1.466759145762467631e-01 4.425373997369545975e+01
6.095545313839411626e-07 1.490162995685479774e-01 4.428701573461960095e+01
6.098979321999860583e-07 1.513961987531087239e-01 4.432165295685963002e+01
6.102368876746781279e-07 1.538162271357252087e-01 4.435765474024668720e+01
6.105714756272583883e-07 1.562770051107187641e-01 4.439502432216547589e+01
6.109017013440490872e-07 1.587791582746910790e-01 4.443376507897696825e+01
6.112276418523146944e-07 1.613233172280196526e-01 4.447388052744249620e+01
6.115493494221487945e-07 1.639101173638951303e-01 4.451537432615030809e+01
6.118668757758417658e-07 1.665401986447204996e-01 4.455825027694553597e+01
6.121802720912066554e-07 1.692142053656942591e-01 4.460250771026569083e+01
6.124895890047812813e-07 1.719327859054378405e-01 4.464815943614480176e+01
6.127948766152653860e-07 1.746965924635273393e-01 4.469520553974116694e+01
6.130961844869193567e-07 1.775062807848175883e-01 4.474365040510718927e+01
6.133935616530418244e-07 1.803625098704740304e-01 4.479349856632846638e+01
6.136870677572632701e-07 1.832659416756283743e-01 4.484475470896123284e+01
6.139767283581216509e-07 1.862172407936220631e-01 4.489742367147800195e+01
6.142626022047156458e-07 1.892170741268022760e-01 4.495151044672254415e+01
6.145447362419593786e-07 1.922661105438716600e-01 4.500702018337472765e+01
6.148231769018017028e-07 1.953650205238173232e-01 4.506395818742597470e+01
6.150979701068267269e-07 1.985144757864577836e-01 4.512233022844924335e+01
6.153691612740933083e-07 2.017151489096924988e-01 4.518214135156085831e+01
6.156367953188245180e-07 2.049677129335428227e-01 4.524339762120358444e+01
6.159009166582613221e-07 2.082728409511173107e-01 4.530610498772944084e+01
6.161615692153877270e-07 2.116312056866572755e-01 4.537026956635978081e+01
6.164188174348896977e-07 2.150434790608356517e-01 4.543589763873593057e+01
6.166726619586946473e-07 2.185103317435314330e-01 4.550299565448476358e+01
6.169231665459838238e-07 2.220324326943098892e-01 4.557157023279911101e+01
6.171703731814094599e-07 2.256104486908771800e-01 4.564162816403322154e+01
6.174143233747470489e-07 2.292450438458142337e-01 4.571317641131442144e+01
6.176550581648098007e-07 2.329368791119020288e-01 4.578622368511005192e+01
6.178926181234016395e-07 2.366866117764091226e-01 4.586077433852197061e+01
6.181270433592640588e-07 2.404948949447111572e-01 4.593683727045767995e+01
6.183583735219275809e-07 2.443623770136630902e-01 4.601442015354743376e+01
6.185866478057728563e-07 2.482897011351686556e-01 4.609353084166856718e+01
6.188119147392645500e-07 2.522775046704051616e-01 4.617417737166952207e+01
6.190341929165770699e-07 2.563264186352175455e-01 4.625636796511241045e+01
6.192535301082053190e-07 2.604370671371957213e-01 4.634011103003357590e+01
6.194699637272140479e-07 2.646100668049894411e-01 4.642541516272273583e+01
6.196835307512628969e-07 2.688460262104506726e-01 4.651228914952079663e+01
6.198942677265345111e-07 2.731455452841906606e-01 4.660074257099045525e+01
6.201022107717268184e-07 2.775092147252016250e-01 4.669078346972752058e+01
6.203073955819133824e-07 2.819376154051820849e-01 4.678242174890353056e+01
6.205098574325716791e-07 2.864313177682494826e-01 4.687566697434181151e+01
6.207096311834673784e-07 2.909908812267424372e-01 4.697052891127357555e+01
6.209067697239468293e-07 2.956168535538332698e-01 4.706701752625486534e+01
6.211012699638279055e-07 3.003097702736848840e-01 4.716514298910237812e+01
6.212931842314980576e-07 3.050701540499227149e-01 4.726491567484819001e+01
6.214825457630322641e-07 3.098985140731910781e-01 4.736634616571312506e+01
6.216693873983572994e-07 3.147953454485949987e-01 4.746944525309884000e+01
6.218537415850779940e-07 3.197611285838333761e-01 4.757422480108790808e+01
6.220356403823847026e-07 3.247963285788422749e-01 4.768069441584358259e+01
6.222151154648368951e-07 3.299013946177911105e-01 4.778886629048052725e+01
6.223921981262404496e-07 3.350767593642665076e-01 4.789875207497252774e+01
6.225669192834702062e-07 3.403228383605083618e-01 4.801036363886527880e+01
6.227393180608402499e-07 3.456400294315521982e-01 4.812371307338970894e+01
6.229094073559042162e-07 3.510287120951421369e-01 4.823881269359264934e+01
6.230772256750335738e-07 3.564892469782920958e-01 4.835567504048550802e+01
6.232428024650762122e-07 3.620219752413573189e-01 4.847431288320977671e+01
6.234061668147045159e-07 3.676272180104991349e-01 4.859473922121960499e+01
6.235673474581620031e-07 3.733052758194093657e-01 4.871696758862061216e+01
6.237263727789640121e-07 3.790564280611553039e-01 4.884101088933556412e+01
6.238832708135164381e-07 3.848809324510187868e-01 4.896688309296872887e+01
6.240380692548037147e-07 3.907790245011752428e-01 4.909459814300425506e+01
6.241907954559791750e-07 3.967509170080665282e-01 4.922417022445799262e+01
6.243414925910755287e-07 4.027967995533016099e-01 4.935561376615876128e+01
6.244901548121832375e-07 4.089168380189023844e-01 4.948894344304394366e+01
6.246368248526241922e-07 4.151111741177155867e-01 4.962417417846837964e+01
6.247815287421026621e-07 4.213799249397710001e-01 4.976132114652673977e+01
6.249242921882579084e-07 4.277231825153763323e-01 4.990039977438836871e+01
6.250651405802196044e-07 4.341410133956965511e-01 5.004142618098456552e+01
6.252040989920723073e-07 4.406334582515523679e-01 5.018441549630563259e+01
6.253411921862155308e-07 4.472005314911555729e-01 5.032938430323798684e+01
6.254764446168938617e-07 4.538422208974660643e-01 5.047634906586165471e+01
6.256098804334955175e-07 4.605584872858375922e-01 5.062532651329034650e+01
6.257415309964429763e-07 4.673492641825885974e-01 5.077633364208075051e+01
6.258714047289741729e-07 4.742144575250955008e-01 5.092938771865080838e+01
6.259995325016300806e-07 4.811539453839985825e-01 5.108450628170633223e+01
6.261259372779107565e-07 4.881675777080548007e-01 5.124170714467529564e+01
6.262506417331062039e-07 4.952551760921617419e-01 5.140100839814920164e+01
6.263736682575246259e-07 5.024165335690250478e-01 5.156242857234965982e+01
6.264950389596603290e-07 5.096514144249124634e-01 5.172598602315488847e+01
6.266147756694604118e-07 5.169595540399098965e-01 5.189169982700135364e+01
6.267328999413914469e-07 5.243406587530442531e-01 5.205958920808353696e+01
6.268494330576743008e-07 5.317944057526161616e-01 5.222967368009403089e+01
6.269644101696012549e-07 5.393204429920351872e-01 5.240197304869586503e+01
6.270778235558842365e-07 5.469183891314084445e-01 5.257650741399653782e+01
6.271897080329002878e-07 5.545878335051110941e-01 5.275329717302317789e+01
6.273000838245009136e-07 5.623283361155095861e-01 5.293236302219768419e+01
6.274089708975111880e-07 5.701394276529774263e-01 5.311372595981126921e+01
6.275163889647506980e-07 5.780206095423067181e-01 5.329740753292283983e+01
6.276223574879551715e-07 5.859713540155547795e-01 5.348342889938828648e+01
6.277268956807134584e-07 5.939911042113579231e-01 5.367181219043435192e+01
6.278300225113936055e-07 6.020792743006748715e-01 5.386257963723953424e+01
6.279317567059358425e-07 6.102352496389027436e-01 5.405575378526754093e+01
6.280321233211427130e-07 6.184583869442514814e-01 5.425135749672708840e+01
6.281311273768362884e-07 6.267480145022246152e-01 5.444941395302447518e+01
6.282287935495897280e-07 6.351034323960300654e-01 5.464994665720904266e+01
6.283251396240504762e-07 6.435239127626777300e-01 5.485297943640927798e+01
6.284201831564620604e-07 6.520087000745128369e-01 5.505853644425953775e+01
6.285139414773789382e-07 6.605570114458695352e-01 5.526664225815676446e+01
6.286064316943379333e-07 6.691680369644985582e-01 5.547732151716638782e+01
6.286976706945413179e-07 6.778409400473986990e-01 5.569059945105213671e+01
6.287876751474781681e-07 6.865748578206216646e-01 5.590650154380402626e+01
6.288764615075596954e-07 6.953689015226137693e-01 5.612505361790262981e+01
6.289640583753787360e-07 7.042221569305996409e-01 5.634628183666739432e+01
6.290504568973774071e-07 7.131336848094835812e-01 5.657021270658729861e+01
6.291356854271043978e-07 7.221025213827264588e-01 5.679687307963271792e+01
6.292197595841394818e-07 7.311276788246099390e-01 5.702629015554727232e+01
6.293026947856302406e-07 7.402081457732786474e-01 5.725849148411824530e+01
6.293845062487415767e-07 7.493428878639274426e-01 5.749350512101901245e+01
6.294652089931069212e-07 7.585308482814422382e-01 5.773135904034447918e+01
6.295448178432214195e-07 7.677709483318351236e-01 5.797208198804509749e+01
6.296233474308320464e-07 7.770620880317287149e-01 5.821570293684155217e+01
6.297008121972798643e-07 7.864031467151678667e-01 5.846225122055096790e+01
6.297772321365114128e-07 7.957929836569996862e-01 5.871175653620783663e+01
6.298526097565956959e-07 8.052304387120248208e-01 5.896424894615429935e+01
6.299269647614438430e-07 8.147143329691409752e-01 5.921975888009833255e+01
6.300003108539072180e-07 8.242434694196574263e-01 5.947831713713787138e+01
6.300726615578254533e-07 8.338166336389529754e-01 5.973995488774999529e+01
6.301440302202901457e-07 8.434325944806450037e-01 6.000470373905113064e+01
6.302144300138151661e-07 8.530901047823948868e-01 6.027259549388859483e+01
6.302838739384808182e-07 8.627879020825164336e-01 6.054366250294280860e+01
6.303523748241040421e-07 8.725247093464917336e-01 6.081793744156441761e+01
6.304199453323481623e-07 8.822992357025384313e-01 6.109545336586922559e+01
6.304866087533714920e-07 8.921101771853374718e-01 6.137624371448232097e+01
6.305523556824748914e-07 9.019562174870338067e-01 6.166034231023478895e+01
6.306172092330214160e-07 9.118360287146298759e-01 6.194778336181086331e+01
6.306811814146997898e-07 9.217482721528834633e-01 6.223860146534368454e+01
6.307442840792954900e-07 9.316915990318297425e-01 6.253283160595756840e+01
6.308065289226461229e-07 9.416646512980463291e-01 6.283050926768166278e+01
6.308679274866091865e-07 9.516660623887726045e-01 6.313167001937443956e+01
6.309284911610036829e-07 9.616944580080311056e-01 6.343635011492872167e+01
6.309882311854943419e-07 9.717484569038702391e-01 6.374458611013980658e+01
6.310471586515377861e-07 9.818266716458960985e-01 6.405641495668626817e+01
6.311052895168780350e-07 9.919277094022282970e-01 6.437187400331258402e+01
6.311626244883300958e-07 1.002050172715057030e+00 6.469100099694280459e+01
6.312191793057661851e-07 1.012192660273986800e+00 6.501383408372343808e+01
6.312749644861617813e-07 1.022353767686346337e+00 6.534041180999246023e+01
6.313299904073944119e-07 1.032532088243693469e+00 6.567077312317255178e+01
6.313842673100099295e-07 1.042726213683736303e+00 6.600495741956534346e+01
6.314378052989905867e-07 1.052934734946891382e+00 6.634300436520004496e+01
6.314906143454471964e-07 1.063156242926780903e+00 6.668495415555418049e+01
6.315427042883530084e-07 1.073389329213906729e+00 6.703084734990163440e+01
6.315940848362014584e-07 1.083632586831841493e+00 6.738072491185860713e+01
6.316447749910084477e-07 1.093884610965236259e+00 6.773462820976652665e+01
6.316947652320243346e-07 1.104143999678983690e+00 6.809259901697942041e+01
6.317440744390204846e-07 1.114409354627922566e+00 6.845467951205304757e+01
6.317927118150744557e-07 1.124679281756455484e+00 6.882091227883250895e+01
6.318406864409490723e-07 1.134952391987499976e+00 6.919134030643557765e+01
6.318880072766468358e-07 1.145227301900217043e+00 6.956600707335256573e+01
6.319346831629617956e-07 1.155502634395956241e+00 6.994495622495890075e+01
6.319807228230207249e-07 1.165777019351926791e+00 7.032823203698032444e+01
6.320261348638036511e-07 1.176049094262086259e+00 7.071587911762344447e+01
6.320709277776103873e-07 1.186317504864806915e+00 7.110794247865401019e+01
6.321151143177373408e-07 1.196580905756864155e+00 7.150446753469071837e+01
6.321586939434879119e-07 1.206837960993336178e+00 7.190550010237120659e+01
6.322016792467424038e-07 1.217087344673041027e+00 7.231108639938747729e+01
6.322440782757873351e-07 1.227327741509138370e+00 7.272127304338680176e+01
6.322858989714455191e-07 1.237557847384578080e+00 7.313610705073439533e+01
6.323271491685013025e-07 1.247776369892076964e+00 7.355563587320419572e+01
6.323678365970688417e-07 1.257982028858345869e+00 7.397990725089677255e+01
6.324079688839321083e-07 1.268173556852314032e+00 7.440896941994475355e+01
6.324475535539291531e-07 1.278349699677109097e+00 7.484287097650039300e+01
6.324865980312222319e-07 1.288509216845617811e+00 7.528166090707406966e+01
6.325251178619554794e-07 1.298650882039420251e+00 7.572538858639414627e+01
6.325631037178869729e-07 1.308773483550942807e+00 7.617410377510269370e+01
6.326005710642971528e-07 1.318875824708728661e+00 7.662785661728364062e+01
6.326375269356900375e-07 1.328956724285684121e+00 7.708669763781900031e+01
6.326739782722976313e-07 1.339015016890245935e+00 7.755067773956974975e+01
6.327099319213334269e-07 1.349049553340402996e+00 7.801984827139017398e+01
6.327453946381937106e-07 1.359059201020521135e+00 7.849426075359581034e+01
6.327803730876674423e-07 1.369042844220977218e+00 7.897396726471529860e+01
6.328148738451161728e-07 1.378999384460605881e+00 7.945902018802782152e+01
6.328489033976416785e-07 1.388927740791972010e+00 7.994947226797627593e+01
6.328824719614281913e-07 1.398826850089539109e+00 8.044537660622059150e+01
6.329155781659620031e-07 1.408695667320786882e+00 8.094678665748820379e+01
6.329482321095690640e-07 1.418533165800368812e+00 8.145375622521942205e+01
6.329804399377483744e-07 1.428338337427427662e+00 8.196633945700382640e+01
6.330122077133838939e-07 1.438110192906165707e+00 8.248459083980287687e+01
6.330435414178339313e-07 1.447847761949850875e+00 8.300856522824435046e+01
6.330744469520046533e-07 1.457550093468377161e+00 8.353831771228527714e+01
6.331049301373986052e-07 1.467216255739570707e+00 8.407390379445500628e+01
6.331349967171713846e-07 1.476845336564443834e+00 8.461537926722053271e+01
6.331646523571640687e-07 1.486436443406565777e+00 8.516280023524534215e+01
6.331939098184218281e-07 1.495988703515802820e+00 8.571622310926582600e+01
6.332227601740077863e-07 1.505501264036634312e+00 8.627570459973146910e+01
6.332512161348943377e-07 1.514973292101285285e+00 8.684130171020564148e+01
6.332792830676927125e-07 1.524403974907956094e+00 8.741307173052524604e+01
6.333069662666820800e-07 1.533792519784371811e+00 8.799107222971436215e+01
6.333342709547406496e-07 1.543138154236967097e+00 8.857536111287660674e+01
6.333612022843059943e-07 1.552440125985958375e+00 8.916599636845876375e+01
6.333877653383011754e-07 1.561697702986609704e+00 8.976303641255969978e+01
6.334139651310648907e-07 1.570910173437001234e+00 9.036653985544512580e+01
6.334398066092390591e-07 1.580076845772579786e+00 9.097656554743215906e+01
6.334652979811598272e-07 1.589197048647844612e+00 9.159317257029285031e+01
6.334904373582802067e-07 1.598270130905454334e+00 9.221642022839796482e+01
6.335152328642062622e-07 1.607295461533095216e+00 9.284636803959986651e+01
6.335396891837154416e-07 1.616272429608453187e+00 9.348307572585532910e+01
6.335638109382701154e-07 1.625200444232594243e+00 9.412660320358330068e+01
6.335876026868652448e-07 1.634078934452128262e+00 9.477701060487945028e+01
6.336110689268608032e-07 1.642907349170464437e+00 9.543435814862033340e+01
6.336342140948066805e-07 1.651685157048519370e+00 9.609870630050843943e+01
6.336570425672297887e-07 1.660411846395231983e+00 9.677011565329503640e+01
6.336795586614620362e-07 1.669086925048196779e+00 9.744864694205563183e+01
6.337017728901055643e-07 1.677709920244811581e+00 9.813436103296950819e+01
6.337236768613724541e-07 1.686280378484247500e+00 9.882731891183550488e+01
6.337452810601974685e-07 1.694797865380602397e+00 9.952758167232613573e+01
6.337665895748472786e-07 1.703261965507600895e+00 1.002352105039827279e+02
6.337876064382274348e-07 1.711672282235150222e+00 1.009502666799500901e+02
6.338083356286098624e-07 1.720028437558139167e+00 1.016728116063754754e+02
6.338287810703797330e-07 1.728330071917790312e+00 1.024029065734782904e+02
6.338489466347491955e-07 1.736576844015909060e+00 1.031406130814979321e+02
6.338688361404489785e-07 1.744768430622397171e+00 1.038859926105866833e+02
6.338884533544650973e-07 1.752904526376314331e+00 1.046391066594269148e+02
6.339078048948123996e-07 1.760984843580866599e+00 1.054000167314729453e+02
6.339268885830156363e-07 1.769009111992620564e+00 1.061687843209537903e+02
6.339457109773073404e-07 1.776977078605267213e+00 1.069454708986418723e+02
6.339642756444316560e-07 1.784888507428277871e+00 1.077301378973934902e+02
6.339825861027581464e-07 1.792743179260730235e+00 1.085228466974629669e+02
6.340006458229018221e-07 1.800540891460645998e+00 1.093236586424003747e+02
6.340184582283714385e-07 1.808281457710127826e+00 1.101326349064993622e+02
6.340360266962168406e-07 1.815964707776587916e+00 1.109498366479846823e+02
6.340533545576361803e-07 1.823590487270393856e+00 1.117753248857196837e+02
6.340704450985898032e-07 1.831158657399170275e+00 1.126091605093893975e+02
6.340873070130333032e-07 1.838669094719086905e+00 1.134514042635920816e+02
6.341039325183096940e-07 1.846121690883382405e+00 1.143021167317479581e+02
6.341203302966813853e-07 1.853516352388382638e+00 1.151613583198351733e+02
6.341365034591613733e-07 1.860853000317324701e+00 1.160291892399595923e+02
6.341524550744909452e-07 1.868131570082183668e+00 1.169056694937663394e+02
6.341681881697025332e-07 1.875352011163800903e+00 1.177908589184019945e+02
6.341837057306825675e-07 1.882514286850537788e+00 1.186848169306623788e+02
6.341990107027291419e-07 1.889618373975681109e+00 1.195876028528157491e+02
6.342141059910937972e-07 1.896664262653872113e+00 1.204992756762792823e+02
6.342289944615130340e-07 1.903651956016731983e+00 1.214198940970584601e+02
6.342436814709787528e-07 1.910581469947951305e+00 1.223495164984057624e+02
6.342581647126703079e-07 1.917452832818005826e+00 1.232882009333850988e+02
6.342724495023647765e-07 1.924266085218757194e+00 1.242360051073554388e+02
6.342865385530150914e-07 1.931021279698089677e+00 1.251929863603811697e+02
6.343004345406635603e-07 1.937718480494795337e+00 1.261592016495815329e+02
6.343141401049288034e-07 1.944357763273905970e+00 1.271347075631482966e+02
6.343276578495061384e-07 1.950939214862614790e+00 1.281195601817424290e+02
6.343409903426402250e-07 1.957462932986992366e+00 1.291138152340778902e+02
6.343541401176216375e-07 1.963929026009650691e+00 1.301175279683222357e+02
6.343671096732379102e-07 1.970337612668497718e+00 1.311307531609341197e+02
6.343799014742508405e-07 1.976688821816772634e+00 1.321535450988801301e+02
6.343925226401572149e-07 1.982982792164461383e+00 1.331859575618661893e+02
6.344049661281340929e-07 1.989219672021275365e+00 1.342280438045997073e+02
6.344172390570717854e-07 1.995399619041295702e+00 1.352798565390895646e+02
6.344293437601490154e-07 2.001522799969419175e+00 1.363414479169970832e+02
6.344412825387461479e-07 2.007589390389746153e+00 1.374128695774500102e+02
6.344530576628831060e-07 2.013599574475986920e+00 1.384941723803814853e+02
6.344646713716477575e-07 2.019553544744040696e+00 1.395854067463920387e+02
6.344761258736064089e-07 2.025451501806812882e+00 1.406866224110626717e+02
6.344874233472147216e-07 2.031293654131393289e+00 1.417978684625999506e+02
6.344985659412402756e-07 2.037080217798683979e+00 1.429191933247356019e+02
6.345095579505421367e-07 2.042811416265547297e+00 1.440506447397518741e+02
6.345203970850543941e-07 2.048487480129585148e+00 1.451922697516473022e+02
6.345310876124742020e-07 2.054108646896598334e+00 1.463441146894487872e+02
6.345416315667396369e-07 2.059675160750817025e+00 1.475062251506815016e+02
6.345520309540266349e-07 2.065187272327962731e+00 1.486786459850063693e+02
6.345622877531605442e-07 2.070645238491200413e+00 1.498614213178818773e+02
6.345724039159652087e-07 2.076049322110046447e+00 1.510545943827013957e+02
6.345823813676366148e-07 2.081399791842278635e+00 1.522582077228028083e+02
6.345922220070999165e-07 2.086696921918894887e+00 1.534723030366099294e+02
6.346019277073711178e-07 2.091940991932182747e+00 1.546969211956910044e+02
6.346115044025446187e-07 2.097132286626911757e+00 1.559321022295668797e+02
6.346209456855069284e-07 2.102271095694705050e+00 1.571778853107394411e+02
6.346302574970993821e-07 2.107357713571621716e+00 1.584343087399434467e+02
6.346394416101457386e-07 2.112392439238962361e+00 1.597014099316255340e+02
6.346484997732629320e-07 2.117375576027345829e+00 1.609792253996585032e+02
6.346574337111920490e-07 2.122307431424055313e+00 1.622677908263449922e+02
6.346662451251298369e-07 2.127188316883687147e+00 1.635671407321429740e+02
6.346749356930410468e-07 2.132018547642113848e+00 1.648773089159665517e+02
6.346835070699726828e-07 2.136798442533756948e+00 1.661983281517413502e+02
6.346919608883708984e-07 2.141528323812216694e+00 1.675302302450353409e+02
6.347003006545268846e-07 2.146208516974200453e+00 1.688730460202189647e+02
6.347085241382979708e-07 2.150839350586831955e+00 1.702268053078713876e+02
6.347166348286608300e-07 2.155421156118260129e+00 1.715915369324241340e+02
6.347246342706702618e-07 2.159954267771627023e+00 1.729672687000417000e+02
6.347325239882725812e-07 2.164439022322357520e+00 1.743540273867389487e+02
6.347403054845914924e-07 2.168875758958761057e+00 1.757518387696123625e+02
6.347479802422127976e-07 2.173264819125962255e+00 1.771607274520151236e+02
6.347555497234608473e-07 2.177606546373113350e+00 1.785807170866702904e+02
6.347630153706770024e-07 2.181901286203892898e+00 1.800118302149030569e+02
6.347703786064853910e-07 2.186149385930280076e+00 1.814540882918362854e+02
6.347776443959501574e-07 2.190351194529562839e+00 1.829075116757950923e+02
6.347848069504376579e-07 2.194507062504588379e+00 1.843721196179029675e+02
6.347918712464585224e-07 2.198617341747208798e+00 1.858479302518534553e+02
6.347988386304250896e-07 2.202682385404905574e+00 1.873349605838482148e+02
6.348057104303419779e-07 2.206702547750588383e+00 1.888332264826947267e+02
6.348124879560570196e-07 2.210678184055501649e+00 1.903427427596187158e+02
6.348191724995055234e-07 2.214609650465247714e+00 1.918635228173874907e+02
6.348257653349599375e-07 2.218497303878876448e+00 1.933955791301546299e+02
6.348322677192653251e-07 2.222341501831015975e+00 1.949389229212943633e+02
6.348386808920767449e-07 2.226142602377021884e+00 1.964935642292347211e+02
6.348450077286502894e-07 2.229900963981087614e+00 1.980595118982199949e+02
6.348512461071771076e-07 2.233616945407321808e+00 1.996367735691359826e+02
6.348573988926860043e-07 2.237290905613710468e+00 2.012253556703761035e+02
6.348634672583865388e-07 2.240923203648966577e+00 2.028252634087333206e+02
6.348694523614333961e-07 2.244514198552225892e+00 2.044365007603042272e+02
6.348753553431550859e-07 2.248064249255517844e+00 2.060590705073864797e+02
6.348811773292665478e-07 2.251573714489026656e+00 2.076929740540909108e+02
6.348869194300797448e-07 2.255042952689062741e+00 2.093382116684902030e+02
6.348925827407098101e-07 2.258472321908721714e+00 2.109947823127611173e+02
6.348981683412933699e-07 2.261862179731195521e+00 2.126626836724688019e+02
6.349036804014085523e-07 2.265212883185694359e+00 2.143419121471618780e+02
6.349091137207710107e-07 2.268524788665923886e+00 2.160324628408576757e+02
6.349144724831911442e-07 2.271798251851107064e+00 2.177343295523938309e+02
6.349197577108736076e-07 2.275033627629480915e+00 2.194475047656329707e+02
6.349249704120242480e-07 2.278231270024244637e+00 2.211719796395036042e+02
6.349301115810584748e-07 2.281391532121920918e+00 2.229077440935849950e+02
6.349351821987722548e-07 2.284514766003067798e+00 2.246547864330798348e+02
6.349401832325437060e-07 2.287601322675332227e+00 2.264130938612364901e+02
6.349451156364979509e-07 2.290651552008769798e+00 2.281826521343283503e+02
6.349499803517060641e-07 2.293665802673419574e+00 2.299634456309492805e+02
6.349547797465449050e-07 2.296644422079076264e+00 2.317554573407492455e+02
6.349595118363378219e-07 2.299587756317218012e+00 2.335586688529079709e+02
6.349641789842626917e-07 2.302496150105060035e+00 2.353730603443308382e+02
6.349687820808922847e-07 2.305369946731682607e+00 2.371986105675590295e+02
6.349733220046061198e-07 2.308209488006196963e+00 2.390352968383882342e+02
6.349777996217575423e-07 2.311015114207912724e+00 2.408830950721979889e+02
6.349822157868362482e-07 2.313787164038454414e+00 2.427419795842182850e+02
6.349865713426283732e-07 2.316525974575800895e+00 2.446119233440299467e+02
6.349908671203780646e-07 2.319231881230204184e+00 2.464928977907860315e+02
6.349951039399467233e-07 2.321905217701937474e+00 2.483848728604086489e+02
6.349992853150829243e-07 2.324546315940844821e+00 2.502878169713492866e+02
6.350034065959692340e-07 2.327155506107657867e+00 2.522016970100408173e+02
6.350074713120029493e-07 2.329733116537022308e+00 2.541264783160401350e+02
6.350114802390307804e-07 2.332279473702211003e+00 2.560621246668764002e+02
6.350154341422757386e-07 2.334794902181485110e+00 2.580085982626067675e+02
6.350193337764745671e-07 2.337279724626060595e+00 2.599658598107092757e+02
6.350231798860299955e-07 2.339734261729636611e+00 2.619338681267289530e+02
6.350269732051388536e-07 2.342158832199468410e+00 2.639125806678650292e+02
6.350307144579490895e-07 2.344553752728937734e+00 2.659019531650668569e+02
6.350344043586768727e-07 2.346919337971570929e+00 2.679019396908080353e+02
6.350380448667244508e-07 2.349255900516496798e+00 2.699124926422323369e+02
6.350416341497195309e-07 2.351563750865286462e+00 2.719335627241416660e+02
6.350451741653554714e-07 2.353843197410152133e+00 2.739650989318476491e+02
6.350486655895024133e-07 2.356094546413469271e+00 2.760070485339271045e+02
6.350521090887696744e-07 2.358318101988585713e+00 2.780593570549065703e+02
6.350555053206322752e-07 2.360514166081884913e+00 2.801219683091930506e+02
6.350588549335548173e-07 2.362683038456073525e+00 2.821948241883446826e+02
6.350621585671180091e-07 2.364825016674656943e+00 2.842778649240335653e+02
6.350654168521283562e-07 2.366940396087577003e+00 2.863710288917104094e+02
6.350686304107608871e-07 2.369029469817972799e+00 2.884742526366013635e+02
6.350718022137092254e-07 2.371092528750045059e+00 2.905874708568518940e+02
6.350749281197308245e-07 2.373129861517977002e+00 2.927106163869142961e+02
6.350780111156193928e-07 2.375141754495899260e+00 2.948436201812331205e+02
6.350810517901247680e-07 2.377128491788863762e+00 2.969864112982872939e+02
6.350840507239225520e-07 2.379090355224792841e+00 2.991389168850482179e+02
6.350870084897321662e-07 2.381027624347369809e+00 3.013010622681628661e+02
6.350899256524178603e-07 2.382940576409878997e+00 3.034727705345356981e+02
6.350928027691028500e-07 2.384829486369909546e+00 3.056539630982034623e+02
6.350956403892750897e-07 2.386694626884954484e+00 3.078445593158323845e+02
6.350984390548881763e-07 2.388536268308831811e+00 3.100444765634653663e+02
6.351012003939341404e-07 2.390354678688940027e+00 3.122536302248775542e+02
6.351039227316562623e-07 2.392150123764291259e+00 3.144719336808343542e+02
6.351066076967140346e-07 2.393922866964325546e+00 3.166992982993220949e+02
6.351092558019414376e-07 2.395673169408449876e+00 3.189356334268388196e+02
6.351118675531446194e-07 2.397401289906315291e+00 3.211808463808168312e+02
6.351144434491931633e-07 2.399107484958775238e+00 3.234348424975022454e+02
6.351169839821138970e-07 2.400792008759526919e+00 3.256975249201726683e+02
6.351194896371974071e-07 2.402455113197395242e+00 3.279687948919975611e+02
6.351219608930707777e-07 2.404097047859247827e+00 3.302485515642427458e+02
6.351243982217964817e-07 2.405718060033521510e+00 3.325366920411651677e+02
6.351268041426729563e-07 2.407318394714328402e+00 3.348331113809824728e+02
6.351291749793059481e-07 2.408898294606133472e+00 3.371377025985629530e+02
6.351315132668976790e-07 2.410458000128972600e+00 3.394503566699103203e+02
6.351338194521406087e-07 2.411997749424200421e+00 3.417709625385408003e+02
6.351360939756064311e-07 2.413517778360743549e+00 3.440994071238207539e+02
6.351383372718218833e-07 2.415018320541844066e+00 3.464355754431950913e+02
6.351405497693555671e-07 2.416499607312271092e+00 3.487793501984198201e+02
6.351427318909009577e-07 2.417961867765974215e+00 3.511306124018492483e+02
6.351448840533482957e-07 2.419405328754196116e+00 3.534892410024471019e+02
6.351470066678765965e-07 2.420830214893976873e+00 3.558551129991367930e+02
6.351491010926908032e-07 2.422236748577078380e+00 3.582281034626163887e+02
6.351511658093497854e-07 2.423625149979275584e+00 3.606080855596773063e+02
6.351532021782688186e-07 2.424995637070027854e+00 3.629949305800885782e+02
6.351552105885280403e-07 2.426348425622506522e+00 3.653885079661173449e+02
6.351571914238632334e-07 2.427683729223949261e+00 3.677886853447373596e+02
6.351591450627507418e-07 2.429001759286346651e+00 3.701953286194265615e+02
6.351610718784744911e-07 2.430302725057427615e+00 3.726083017912355331e+02
6.351629722391993636e-07 2.431586833631958822e+00 3.750274673102724137e+02
6.351648465080395959e-07 2.432854289963303884e+00 3.774526859204028710e+02
6.351666950431259062e-07 2.434105296875261004e+00 3.798838167534310628e+02
6.351685199869727596e-07 2.435340055074160848e+00 3.823207173784550150e+02
6.351703180847990935e-07 2.436558763161194907e+00 3.847632438541996294e+02
6.351720914944027063e-07 2.437761617644983225e+00 3.872112507843353342e+02
6.351738405546576573e-07 2.438948812954361500e+00 3.896645913758065376e+02
6.351755655997935125e-07 2.440120541451363145e+00 3.921231175001605038e+02
6.351772669594550603e-07 2.441276993444415400e+00 3.945866798752475688e+02
6.351789449587611804e-07 2.442418357201702861e+00 3.970551276851137459e+02
6.351805999183744061e-07 2.443544818964713539e+00 3.995283092923005483e+02
6.351822321545548171e-07 2.444656562961952773e+00 4.020060719005759324e+02
6.351838419792268490e-07 2.445753771422794376e+00 4.044882617297750471e+02
6.351854305300678759e-07 2.446836624591502307e+00 4.069747240948386775e+02
6.351869964390301144e-07 2.447905300741352708e+00 4.094653034876710080e+02
6.351885408469611710e-07 2.448959976188914034e+00 4.119598436617471862e+02
6.351900640490153938e-07 2.450000825308420449e+00 4.144581877194102617e+02
6.351915663362914311e-07 2.451028020546264230e+00 4.169601782017697928e+02
6.351930479958993589e-07 2.452041732435578769e+00 4.194656572415304936e+02
6.351945093110043032e-07 2.453042129610925492e+00 4.219744664274851402e+02
6.351959505608900732e-07 2.454029378823047836e+00 4.244864472321587527e+02
6.351973720210080776e-07 2.455003644953712261e+00 4.270014408997882356e+02
6.351987739630278289e-07 2.455965091030613667e+00 4.295192885985099451e+02
6.352001582130659640e-07 2.456913878242337201e+00 4.320398315236719782e+02
6.352015218976436774e-07 2.457850165953375576e+00 4.345629110029208277e+02
6.352028668572692252e-07 2.458774111719205457e+00 4.370883686029016530e+02
6.352041933489987899e-07 2.459685871301383386e+00 4.396160462374141957e+02
6.352055016263674378e-07 2.460585598682689223e+00 4.421457862768337463e+02
6.352067919394250126e-07 2.461473446082294902e+00 4.446774317879576870e+02
6.352080645347938388e-07 2.462349563970954502e+00 4.472108261523752617e+02
6.352093196557125563e-07 2.463214101086208530e+00 4.497458138859719270e+02
6.352105575420815421e-07 2.464067204447603743e+00 4.522822402991639592e+02
6.352117784305043094e-07 2.464909019371913868e+00 4.548199517184550018e+02
6.352129832764701275e-07 2.465739689488359421e+00 4.573587955993023684e+02
6.352141708559674714e-07 2.466559356753835086e+00 4.598986206387729112e+02
6.352153421281758153e-07 2.467368161468107779e+00 4.624392768877467574e+02
6.352164973169729552e-07 2.468166242289012491e+00 4.649806158624235763e+02
6.352176366431721219e-07 2.468953736247639696e+00 4.675224906548650097e+02
6.352187603245504624e-07 2.469730778763460588e+00 4.700647561104738656e+02
6.352198685759033561e-07 2.470497503659488725e+00 4.726072686760491592e+02
6.352209616090641080e-07 2.471254043177347981e+00 4.751498868785973286e+02
6.352220396329754175e-07 2.472000527992341823e+00 4.776924711910649535e+02
6.352231028537000718e-07 2.472737087228471076e+00 4.802348841913673709e+02
6.352241528305896221e-07 2.473463848473420157e+00 4.827769906615501441e+02
6.352251870332532054e-07 2.474180937793477586e+00 4.853186576840795965e+02
6.352262070343744595e-07 2.474888479748438286e+00 4.878597547349761498e+02
6.352272130289363456e-07 2.475586597406416622e+00 4.904001537735173883e+02
6.352282052092463652e-07 2.476275412358645678e+00 4.929397293282124224e+02
6.352291837649688538e-07 2.476955044734177047e+00 4.954783587255402040e+02
6.352301488831672259e-07 2.477625613214556655e+00 4.980159216082755620e+02
6.352311007483384924e-07 2.478287235048411752e+00 5.005523008111517242e+02
6.352320395424419534e-07 2.478940026065984625e+00 5.030873819160959215e+02
6.352329654449467380e-07 2.479584100693598359e+00 5.056210534387970483e+02
6.352338792625178973e-07 2.480219571968042214e+00 5.081532068866210921e+02
6.352347799017534222e-07 2.480846551550900170e+00 5.106837368109228805e+02
6.352356681732562199e-07 2.481465149742787091e+00 5.132125408535185898e+02
6.352365442468434790e-07 2.482075475497525829e+00 5.157395197870856691e+02
6.352374082899943657e-07 2.482677636436234625e+00 5.182645775492551365e+02
6.352382604678852807e-07 2.483271738861329681e+00 5.207876213382949118e+02
6.352391009434367649e-07 2.483857887770458461e+00 5.233085613743090789e+02
6.352399298773257800e-07 2.484436186870350394e+00 5.258273112858113336e+02
6.352407474280226616e-07 2.485006738590562758e+00 5.283437878782991675e+02
6.352415537518262699e-07 2.485569644097154196e+00 5.308579111911594737e+02
6.352423501865898875e-07 2.486125003306286274e+00 5.333696044899028266e+02
6.352431345006903360e-07 2.486672914897692710e+00 5.358787942508685092e+02
6.352439080442540876e-07 2.487213476328097528e+00 5.383854101382904673e+02
6.352446709651699185e-07 2.487746783844532406e+00 5.408893849736305128e+02
6.352454234092980668e-07 2.488272932497541667e+00 5.433906546970919180e+02
6.352461655204891852e-07 2.488792016154323772e+00 5.458891584383887903e+02
6.352468974406276451e-07 2.489304127511751119e+00 5.483848380156213125e+02
6.352476193096401128e-07 2.489809358109306814e+00 5.508776385146398979e+02
6.352483312655413958e-07 2.490307798341938827e+00 5.533675078084444294e+02
6.352490334444489475e-07 2.490799537472783154e+00 5.558543965778573011e+02
6.352497265301524550e-07 2.491284663645823461e+00 5.583382582256316482e+02
6.352504095484267038e-07 2.491763263898430836e+00 5.608190487827603192e+02
6.352510831870502710e-07 2.492235424173809832e+00 5.632967268070784712e+02
6.352517475748179042e-07 2.492701229333354362e+00 5.657712532742760914e+02
6.352524028387514056e-07 2.493160763168893457e+00 5.682425914614465228e+02
6.352530491041411356e-07 2.493614108414833552e+00 5.707107068806287771e+02
6.352536864945388142e-07 2.494061346760221287e+00 5.731755669293506799e+02
6.352543151318186121e-07 2.494502558860670405e+00 5.756371410667184136e+02
6.352549351361632814e-07 2.494937824350229594e+00 5.780954004681271954e+02
6.352555466261238711e-07 2.495367221853109108e+00 5.805503179226635666e+02
6.352561507501772136e-07 2.495790828995333666e+00 5.830018676760604421e+02
6.352567455463340111e-07 2.496208722416275894e+00 5.854500252677831895e+02
6.352573321742486486e-07 2.496620977780112938e+00 5.878947673625765447e+02
6.352579107460819468e-07 2.497027669787143189e+00 5.903360715768162663e+02
6.352584813724604321e-07 2.497428872185038173e+00 5.927739163000159124e+02
6.352590441624868184e-07 2.497824657779960322e+00 5.952082806174793177e+02
6.352595992237642538e-07 2.498215098447624349e+00 5.976391437203658370e+02
6.352601466624263902e-07 2.498600265144190757e+00 6.000664852936857869e+02
6.352606865831410889e-07 2.498980227917126484e+00 6.024902849522492261e+02
6.352612190891440901e-07 2.499355055915911894e+00 6.049105221331896018e+02
6.352617447601584015e-07 2.499724817402681598e+00 6.073271758971939107e+02
6.352622627342298492e-07 2.500089579762740932e+00 6.097402247279743506e+02
6.352627735949557694e-07 2.500449409514997168e+00 6.121496463304877125e+02
6.352632774400180133e-07 2.500804372322273927e+00 6.145554174284278588e+02
6.352637743657531320e-07 2.501154533001547886e+00 6.169575135615135650e+02
6.352642644671789522e-07 2.501499955534060682e+00 6.193559089658826906e+02
6.352647478380052700e-07 2.501840703075354444e+00 6.217505760567322568e+02
6.352652245706584147e-07 2.502176837965185641e+00 6.241414856820066461e+02
6.352656947562922604e-07 2.502508421737357214e+00 6.265286066340246407e+02
6.352661584848119430e-07 2.502835515129447685e+00 6.289119055239204954e+02
6.352666167411682318e-07 2.503158178092435016e+00 6.312913465894064302e+02
6.352670678079422162e-07 2.503476469800233417e+00 6.336668915062658698e+02
6.352675126801425464e-07 2.503790448659120482e+00 6.360384992041566647e+02
6.352679514428362120e-07 2.504100172317086148e+00 6.384061256872997774e+02
6.352683841799214029e-07 2.504405697673059539e+00 6.407697238606072005e+02
6.352688109741405324e-07 2.504707080886066972e+00 6.431292433934733026e+02
6.352692319071024723e-07 2.505004377384276726e+00 6.454846304376609396e+02
6.352696470592967401e-07 2.505297641873950987e+00 6.478358276466275356e+02
6.352700565101071577e-07 2.505586928348309428e+00 6.501827739178900174e+02
6.352704603378314391e-07 2.505872290096300414e+00 6.525254042813179467e+02
6.352708586196791786e-07 2.506153779711270513e+00 6.548636497693559022e+02
6.352712518410846404e-07 2.506431449099544739e+00 6.571974372963685482e+02
6.352716392529944607e-07 2.506705349488918877e+00 6.595266895475776892e+02
6.352720213444607934e-07 2.506975531437054538e+00 6.618513248780225240e+02
6.352723981885452065e-07 2.507242044839791184e+00 6.641712572219620370e+02
6.352727698573106161e-07 2.507504938939352446e+00 6.664863960131111753e+02
6.352731364218217102e-07 2.507764262332492500e+00 6.687966461160681320e+02
6.352734979521755472e-07 2.508020062978503883e+00 6.711019077692723158e+02
6.352738545175087563e-07 2.508272388207203107e+00 6.734020765397890500e+02
6.352742061859931961e-07 2.508521284726762168e+00 6.756970432901946424e+02
6.352745530248822238e-07 2.508766798631503203e+00 6.779866941577990929e+02
6.352748958674134786e-07 2.509008975409577236e+00 6.802709105464040249e+02
