1.344997953518029254e-01 1.081925927555965039e+01 7.265891838400280278e+01
1.363679013111629978e-01 1.082364005163766585e+01 7.265891838400348490e+01
1.382625356866675481e-01 1.082799341293397255e+01 7.265891838400433755e+01
1.401841149558810951e-01 1.083231870646840811e+01 7.265891838400540337e+01
1.421330634794703285e-01 1.083661529820113145e+01 7.265891838400669656e+01
1.441098136649023864e-01 1.084088257315859316e+01 7.265891838400833080e+01
1.461148061327247616e-01 1.084511993554515286e+01 7.265891838401030611e+01
1.481484898853690779e-01 1.084932680884081257e+01 7.265891838401275038e+01
1.502113224784143719e-01 1.085350263588555286e+01 7.265891838401574887e+01
1.523037701942346334e-01 1.085764687895075831e+01 7.265891838401941527e+01
1.544263083706963191e-01 1.086175901979819969e+01 7.265891838402390590e+01
1.565794209977751650e-01 1.086583855972708434e+01 7.265891838402940550e+01
1.587636017312026304e-01 1.086988501960968279e+01 7.265891838403611303e+01
1.609793535422708866e-01 1.087389793991594900e+01 7.265891838404425584e+01
1.632271890296965178e-01 1.087787688072774195e+01 7.265891838405418923e+01
1.655076306052965518e-01 1.088182142174298939e+01 7.265891838406626846e+01
1.678212106811551863e-01 1.088573116227040671e+01 7.265891838408091985e+01
1.701684718580901701e-01 1.088960572121517423e+01 7.265891838409865500e+01
1.725499671152102010e-01 1.089344473705606831e+01 7.265891838412012760e+01
1.749662600003401014e-01 1.089724786781447641e+01 7.265891838414609083e+01
1.774179249113393420e-01 1.090101479101584836e+01 7.265891838417739734e+01
1.799055469438335664e-01 1.090474520364390898e+01 7.265891838421515558e+01
1.824297225751936036e-01 1.090843882208817384e+01 7.265891838426055926e+01
1.849910595411446979e-01 1.091209538208512697e+01 7.265891838431517158e+01
1.875901771019606312e-01 1.091571463865357927e+01 7.265891838438071204e+01
1.902277062321711953e-01 1.091929636602448284e+01 7.265891838445929807e+01
1.929042898089513569e-01 1.092284035756576266e+01 7.265891838455335972e+01
1.956205827987821388e-01 1.092634642570240189e+01 7.265891838466585284e+01
1.983772524419493422e-01 1.092981440183231179e+01 7.265891838480018805e+01
2.011749784344189218e-01 1.093324413623820845e+01 7.265891838496041544e+01
2.040144533249265424e-01 1.093663549799596169e+01 7.265891838515126722e+01
2.068963818589965586e-01 1.093998837487975528e+01 7.265891838537834246e+01
2.098214823409538798e-01 1.094330267326427730e+01 7.265891838564813554e+01
2.127904860393232123e-01 1.094657831802443226e+01 7.265891838596834873e+01
2.158041375303789422e-01 1.094981525243275655e+01 7.265891838634784961e+01
2.188631948530058990e-01 1.095301343805486027e+01 7.265891838679718262e+01
2.219684296568918136e-01 1.095617285464322421e+01 7.265891838732844121e+01
2.251206273433616067e-01 1.095929350002957214e+01 7.265891838795587887e+01
2.283205871981161816e-01 1.096237539001612049e+01 7.265891838869596597e+01
2.315691225151198518e-01 1.096541855826585277e+01 7.265891838956797244e+01
2.348670608442461616e-01 1.096842305619225755e+01 7.265891839059412405e+01
2.382152435872686158e-01 1.097138895284847848e+01 7.265891839180034140e+01
2.416145268180136252e-01 1.097431633481633284e+01 7.265891839321646728e+01
2.450657808978325414e-01 1.097720530609524126e+01 7.265891839487723303e+01
2.485698906543911957e-01 1.098005598799130134e+01 7.265891839682258535e+01
2.521277554348122507e-01 1.098286851900671479e+01 7.265891839909872374e+01
2.557402891438079751e-01 1.098564305472965685e+01 7.265891840175888206e+01
2.594084202658230032e-01 1.098837976772478164e+01 7.265891840486440856e+01
2.631330918701670907e-01 1.099107884742452512e+01 7.265891840848578909e+01
2.669152615981055798e-01 1.099374050002125180e+01 7.265891841270402551e+01
2.707559019502773223e-01 1.099636494836048151e+01 7.265891841761212788e+01
2.746559990186315248e-01 1.099895243183514815e+01 7.265891842331667760e+01
2.786165541553474734e-01 1.100150320628115530e+01 7.265891842993974592e+01
2.826385827641111348e-01 1.100401754387414144e+01 7.265891843762094027e+01
2.867231144480622551e-01 1.100649573302769291e+01 7.265891844651976328e+01
2.908711928658935797e-01 1.100893807829293003e+01 7.265891845681839811e+01
2.950838755622008369e-01 1.101134490025959956e+01 7.265891846872438009e+01
2.993622337709477277e-01 1.101371653545869300e+01 7.265891848247420626e+01
3.037073521909167129e-01 1.101605333626665306e+01 7.265891849833691651e+01
3.081203287320118389e-01 1.101835567081108103e+01 7.265891851661831424e+01
3.126022744029019473e-01 1.102062392287817794e+01 7.265891853766561326e+01
3.171543123424808153e-01 1.102285849182167077e+01 7.265891856187259634e+01
3.217775784081213786e-01 1.102505979247342438e+01 7.265891858968545591e+01
3.264732201964614111e-01 1.102722825505562376e+01 7.265891862160925996e+01
3.312423967710796391e-01 1.102936432509449816e+01 7.265891865821508588e+01
3.360862782110198288e-01 1.103146846333568121e+01 7.265891870014809228e+01
3.410060451227570066e-01 1.103354114566097621e+01 7.265891874813623019e+01
3.460028881146653967e-01 1.103558286300668811e+01 7.265891880300030437e+01
3.510780072331071699e-01 1.103759412128333395e+01 7.265891886566464564e+01
3.562326113593068944e-01 1.103957544129668022e+01 7.265891893716934646e+01
3.614679178692791761e-01 1.104152735867014101e+01 7.265891901868350544e+01
3.667851507964012270e-01 1.104345042376836794e+01 7.265891911151999238e+01
3.721855417594397974e-01 1.104534520162198064e+01 7.265891921715179080e+01
3.776703281394691025e-01 1.104721227185336652e+01 7.265891933722974727e+01
3.832407525239701629e-01 1.104905222860344693e+01 7.265891947360259451e+01
3.888980618545406776e-01 1.105086568045931372e+01 7.265891962833840978e+01
3.946435065314882751e-01 1.105265325038261892e+01 7.265891980374870229e+01
4.004783394750792147e-01 1.105441557563861821e+01 7.265892000241467485e+01
4.064038151433487789e-01 1.105615330772578986e+01 7.265892022721583032e+01
4.124211885064571481e-01 1.105786711230580899e+01 7.265892048136170445e+01
4.185317142962998727e-01 1.105955766913388416e+01 7.265892076842642666e+01
4.247366446817243957e-01 1.106122567198919704e+01 7.265892109238640728e+01
4.310372298515121603e-01 1.106287182860539708e+01 7.265892145766180477e+01
4.374347157072696057e-01 1.106449686060098614e+01 7.265892186916153150e+01
4.439303428912275695e-01 1.106610150340942944e+01 7.265892233233265074e+01
4.505253455065930113e-01 1.106768650620888828e+01 7.265892285321385202e+01
4.572209497978866888e-01 1.106925263185138597e+01 7.265892343849411361e+01
4.640183727922886359e-01 1.107080065679122072e+01 7.265892409557599763e+01
4.709188209031792693e-01 1.107233137101260567e+01 7.265892483264504165e+01
4.779234884971929609e-01 1.107384557795621838e+01 7.265892565874456466e+01
4.850335565802317284e-01 1.107534409444455825e+01 7.265892658385735103e+01
4.922501907100761409e-01 1.107682775060600022e+01 7.265892761899361574e+01
4.995745403032176846e-01 1.107829738979726741e+01 7.265892877628688495e+01
5.070077365358454102e-01 1.107975386852428912e+01 7.265893006909719531e+01
5.145508908824132366e-01 1.108119805636115274e+01 7.265893151212311807e+01
5.222050935000331906e-01 1.108263083586705200e+01 7.265893312152250871e+01
5.299714115898642719e-01 1.108405310250105202e+01 7.265893491504274948e+01
5.378508877380131503e-01 1.108546576453446875e+01 7.265893691216162154e+01
5.458445382386123423e-01 1.108686974296078454e+01 7.265893913423846584e+01
5.539533514018719629e-01 1.108826597140274473e+01 7.265894160467753693e+01
5.621782858500350422e-01 1.108965532473768434e+01 7.265894434910305222e+01
5.705202688042986248e-01 1.109103889690462097e+01 7.265894739554795478e+01
5.789801943658806627e-01 1.109241759409290218e+01 7.265895077465604857e+01
5.875589217945298426e-01 1.109379239939914719e+01 7.265895451989918286e+01
5.962572737878834017e-01 1.109516430803489939e+01 7.265895866780982715e+01
6.050760347651762405e-01 1.109653432721388810e+01 7.265896325823052848e+01
6.140159491588942364e-01 1.109790347603555638e+01 7.265896833458043602e+01
6.230777197180471516e-01 1.109927278536455120e+01 7.265897394414052712e+01
6.322620058268149101e-01 1.110064329770614933e+01 7.265898013835821700e+01
6.415694218423647621e-01 1.110201606707734356e+01 7.265898697317282995e+01
6.510005354557034662e-01 1.110339225067479418e+01 7.265899450936234416e+01
6.605558660794617065e-01 1.110477275108129902e+01 7.265900281291320084e+01
6.702358832665176180e-01 1.110615873918925445e+01 7.265901195541408697e+01
6.800410051634082631e-01 1.110755131376113347e+01 7.265902201447492814e+01
6.899715970024569156e-01 1.110895158436425589e+01 7.265903307417237045e+01
7.000279696365278026e-01 1.111036067121421844e+01 7.265904522552325773e+01
7.102103781203186195e-01 1.111177970501333689e+01 7.265905856698658738e+01
7.205190203420196449e-01 1.111320982678392433e+01 7.265907320499705691e+01
7.309540357091581786e-01 1.111465218769645347e+01 7.265908925452934852e+01
7.415155038923459951e-01 1.111610794889253562e+01 7.265910683969671879e+01
7.522034436305773397e-01 1.111757825440381708e+01 7.265912609438385061e+01
7.630178116016285150e-01 1.111906433543565065e+01 7.265914716291628395e+01
7.739585013609950881e-01 1.112056735781659533e+01 7.265917020076756216e+01
7.850253423526879493e-01 1.112208852066311060e+01 7.265919537530631089e+01
7.962180989950612409e-01 1.112362903209492870e+01 7.265922286658364726e+01
8.075364698446975131e-01 1.112519010902585492e+01 7.265925286816374751e+01
8.189800868412303592e-01 1.112677297694923517e+01 7.265928558799886616e+01
8.305485146357631798e-01 1.112837886971809453e+01 7.265932124934980152e+01
8.422412500054345941e-01 1.113000902932011194e+01 7.265936009175464960e+01
8.540577213563911307e-01 1.113166470564738120e+01 7.265940237204654295e+01
8.659972883172935010e-01 1.113334714502206602e+01 7.265944836542253427e+01
8.780592414252439415e-01 1.113505763348491584e+01 7.265949836656564287e+01
8.902428019057627706e-01 1.113679743322779636e+01 7.265955269082091661e+01
9.025471215482788745e-01 1.113856782333906281e+01 7.265961167542829457e+01
9.149712826782835373e-01 1.114037008958424302e+01 7.265967568081320849e+01
9.275142982271106229e-01 1.114220552414687404e+01 7.265974509193695496e+01
9.401751119000187895e-01 1.114407542536505069e+01 7.265982031970881394e+01
9.529525984430117225e-01 1.114598109746384225e+01 7.265990180246089380e+01
9.658455640085809035e-01 1.114792385028393262e+01 7.265999000748830383e+01
9.788527466202674443e-01 1.114990499900649468e+01 7.266008543265564867e+01
9.919728167357200199e-01 1.115192586503208538e+01 7.266018860807174917e+01
1.005204377907633395e+00 1.115398777119226992e+01 7.266030009783419530e+01
1.018545967541704345e+00 1.115609204805206822e+01 7.266042050184522338e+01
1.031996057750496965e+00 1.115824002934061454e+01 7.266055045770059451e+01
1.045553056301824491e+00 1.116043305270669883e+01 7.266069064265288091e+01
1.059215307660050120e+00 1.116267245942758457e+01 7.266084177565028313e+01
1.072981094118432344e+00 1.116495959411630601e+01 7.266100461945327993e+01
1.086848637020417563e+00 1.116729580442777170e+01 7.266117998282912538e+01
1.100816098067555870e+00 1.116968244076407757e+01 7.266136872282639558e+01
1.114881580711482245e+00 1.117212085597943627e+01 7.266157174713063682e+01
1.129043131627220919e+00 1.117461241475657197e+01 7.266179001650145608e+01
1.143298742264840628e+00 1.117715845587316892e+01 7.266202454729332771e+01
1.157646350476309927e+00 1.117976034634531679e+01 7.266227641405954785e+01
1.172083842214244331e+00 1.118241944590890746e+01 7.266254675224134019e+01
1.186609053299009675e+00 1.118513711528806809e+01 7.266283676094204225e+01
1.201219771250582991e+00 1.118791471590748188e+01 7.266314770578733828e+01
1.215913737181341325e+00 1.119075360960773402e+01 7.266348092187168106e+01
1.230688647745880937e+00 1.119365515836409841e+01 7.266383781679158460e+01
1.245542157143841422e+00 1.119662072400944552e+01 7.266421987376547520e+01
1.260471879171586540e+00 1.119965166796176526e+01 7.266462865484058398e+01
1.275475389318550867e+00 1.120274935754333789e+01 7.266506580418653982e+01
1.290550226903960152e+00 1.120591514026859237e+01 7.266553305147530750e+01
1.305693897249587287e+00 1.120915038053565205e+01 7.266603221534730039e+01
1.320903873884178514e+00 1.121245643550473403e+01 7.266656520696280097e+01
1.336177600775116270e+00 1.121583466065057344e+01 7.266713403363800694e+01
1.351512494582951307e+00 1.121928640953058931e+01 7.266774080256460877e+01
1.366905946934345861e+00 1.122281303356202820e+01 7.266838772461200335e+01
1.382355326709063581e+00 1.122641588180876404e+01 7.266907711821055216e+01
1.397857982336633942e+00 1.123009630077840981e+01 7.266981141331426386e+01
1.413411244098352171e+00 1.123385563423039812e+01 7.267059315544126719e+01
1.429012426430386951e+00 1.123769523726418207e+01 7.267142500979014130e+01
1.444658830223760182e+00 1.124161642109628012e+01 7.267230976542938947e+01
1.460347745117111184e+00 1.124562053272660123e+01 7.267325033955867752e+01
1.476076451778207677e+00 1.124970890327904094e+01 7.267424978183755968e+01
1.491842224170280229e+00 1.125388286036223207e+01 7.267531127878027064e+01
1.507642331799370572e+00 1.125814372795832874e+01 7.267643815821270437e+01
1.523474041939015367e+00 1.126249282632767823e+01 7.267763389378767158e+01
1.539334621828678085e+00 1.126693147193002531e+01 7.267890210955621910e+01
1.555221340842530608e+00 1.127146097736290820e+01 7.268024658458912768e+01
1.571131472625282743e+00 1.127608265131803478e+01 7.268167125764604464e+01
1.587062297191946802e+00 1.128079780365347595e+01 7.268318023188685117e+01
1.603011102988554981e+00 1.128560772574312843e+01 7.268477777962063158e+01
1.618975188911003560e+00 1.129051371894292544e+01 7.268646834708728477e+01
1.634951866279405808e+00 1.129551707627929247e+01 7.268825655926661966e+01
1.650938460765420945e+00 1.130061908694821327e+01 7.269014722470875256e+01
1.666932314270308968e+00 1.130582103639316394e+01 7.269214534038063391e+01
1.682930786751508867e+00 1.131112420640563876e+01 7.269425609652189735e+01
1.698931257995823785e+00 1.131652987524870113e+01 7.269648488150362198e+01
1.714931129337388560e+00 1.132203931780426132e+01 7.269883728668361300e+01
1.730927825318796964e+00 1.132765380574464409e+01 7.270131911125065471e+01
1.746918795293988191e+00 1.133337461436464189e+01 7.270393636705041729e+01
1.762901514971539241e+00 1.133920299725633463e+01 7.270669528338554244e+01
1.778873487897322025e+00 1.134514022352341556e+01 7.270960231178146671e+01
1.794832246875561976e+00 1.135118755423828318e+01 7.271266413071053591e+01
1.810775355327493230e+00 1.135734624850671182e+01 7.271588765026436363e+01
1.826700408587061508e+00 1.136361756379629639e+01 7.271928001676722886e+01
1.842605035133132674e+00 1.137000275629270618e+01 7.272284861732002526e+01
1.858486897757960499e+00 1.137650308128405108e+01 7.272660108426582326e+01
1.874343694671734450e+00 1.138311979357388104e+01 7.273054529956712599e+01
1.890173160543164865e+00 1.138985414792299267e+01 7.273468939908499920e+01
1.905973067476280480e+00 1.139670740152674178e+01 7.273904177674918969e+01
1.921741225923613738e+00 1.140368080679858132e+01 7.274361108860946956e+01
1.937475485536227060e+00 1.141077562305840587e+01 7.274840625675601302e+01
1.953173735951026391e+00 1.141799310990906058e+01 7.275343647309924222e+01
1.968833907515977533e+00 1.142533452956431894e+01 7.275871120299623840e+01
1.984453971953983986e+00 1.143280114746992915e+01 7.276424018871315980e+01
2.000031942966187248e+00 1.144039423295518887e+01 7.277003345271110391e+01
2.015565876775652576e+00 1.144811505991512490e+01 7.277610130074359063e+01
2.031053872612431643e+00 1.145596490752342156e+01 7.278245432475314658e+01
2.046494073141067460e+00 1.146394506097605515e+01 7.278910340555465552e+01
2.061884664831753700e+00 1.147205681549267275e+01 7.279605971529252884e+01
2.077223878276325486e+00 1.148030146472071067e+01 7.280333471965883518e+01
2.092509988450422576e+00 1.148868031948696000e+01 7.281094017985938649e+01
2.107741314923172293e+00 1.149719469713762265e+01 7.281888815431442197e+01
2.122916222015772014e+00 1.150584592522088734e+01 7.282719100008070257e+01
2.138033118910469543e+00 1.151463534241405284e+01 7.283586137398125970e+01
2.153090459711399340e+00 1.152356429948079963e+01 7.284491223342971011e+01
2.168086743458819132e+00 1.153263416025819232e+01 7.285435683693481224e+01
2.183020514098308329e+00 1.154184630267335798e+01 7.286420874427254546e+01
2.197890360406486998e+00 1.155120211978931799e+01 7.287448181631076238e+01
2.212694915874902080e+00 1.156070302251111492e+01 7.288519021447423540e+01
2.227432858553636930e+00 1.157035043442647115e+01 7.289634839983479253e+01
2.242102910856323739e+00 1.158014580197698251e+01 7.290797113181439215e+01
2.256703839328159766e+00 1.159009058980602092e+01 7.292007346648649957e+01
2.271234454378550538e+00 1.160018628334861646e+01 7.293267075446300396e+01
2.285693609980055552e+00 1.161043439004455458e+01 7.294577863835303333e+01
2.300080203335194362e+00 1.162083644057764431e+01 7.295941304978087771e+01
2.314393174512775264e+00 1.163139399014054653e+01 7.297359020594960555e+01
2.328631506055327094e+00 1.164210861972459554e+01 7.298832660573847875e+01
2.342794222559200445e+00 1.165298193743389099e+01 7.300363902532089355e+01
2.356880390228949906e+00 1.166401558376213998e+01 7.301954451329159212e+01
2.370889116407467689e+00 1.167521121784645999e+01 7.303606038529099465e+01
2.384819549083446066e+00 1.168657054063724132e+01 7.305320421811532583e+01
2.398670876377632766e+00 1.169809528230742401e+01 7.307099384330183511e+01
2.412442326009334170e+00 1.170978720705511478e+01 7.308944734017883604e+01
2.426133164744613602e+00 1.172164811454850586e+01 7.310858302837021938e+01
2.439742697827563145e+00 1.173367984138957887e+01 7.312841945974555813e+01
2.453270268396035458e+00 1.174588426259589191e+01 7.314897540980697954e+01
2.466715256883154961e+00 1.175826329309931317e+01 7.317026986850477499e+01
2.480077080405880263e+00 1.177081888926093001e+01 7.319232203047400276e+01
2.493355192141927024e+00 1.178355305228998340e+01 7.321515128468639944e+01
2.506549080696210297e+00 1.179646782254888393e+01 7.323877720351055132e+01
2.519658269458021849e+00 1.180956529154261503e+01 7.326321953117654573e+01
2.532682315950088636e+00 1.182284759679008879e+01 7.328849817164000058e+01
2.545620811170572928e+00 1.183631692501893973e+01 7.331463317584304207e+01
2.558473378929138509e+00 1.184997551375428593e+01 7.334164472836953053e+01
2.571239675178039086e+00 1.186382565291573243e+01 7.336955313349383800e+01
2.583919387339264517e+00 1.187786968642124030e+01 7.339837880062232500e+01
2.596512233628659683e+00 1.189211001379656985e+01 7.342814222912946320e+01
2.609017962377921052e+00 1.190654909178894449e+01 7.345886399259013899e+01
2.621436351355354688e+00 1.192118943993429525e+01 7.349056472241133520e+01
2.633767207086192386e+00 1.193603362704677373e+01 7.352326509086883277e+01
2.646010364173275953e+00 1.195108429462436561e+01 7.355698579355303934e+01
2.658165684618851277e+00 1.196634414448565842e+01 7.359174753123311064e+01
2.670233057148174272e+00 1.198181594375227021e+01 7.362757099114625703e+01
2.682212396535627708e+00 1.199750252645608839e+01 7.366447682772303551e+01
2.694103642933959097e+00 1.201340679513961440e+01 7.370248564276003833e+01
2.705906761207263145e+00 1.202953172244754576e+01 7.374161796505161703e+01
2.717621740268274522e+00 1.204588035270772473e+01 7.378189422949647280e+01
2.729248592420498998e+00 1.206245580349948554e+01 7.382333475569367920e+01
2.740787352705693625e+00 1.207926126720733073e+01 7.386595972604544613e+01
2.752238078257164933e+00 1.209630001466349114e+01 7.390978916338582394e+01
2.763600847659321680e+00 1.211357538860538341e+01 7.395484290815529960e+01
2.774875760313887607e+00 1.213109081677848522e+01 7.400114059514280029e+01
2.786062935813172992e+00 1.214884980596458774e+01 7.404870162981902126e+01
2.797162513320727406e+00 1.216685594522329161e+01 7.409754516428523630e+01
2.808174650959727625e+00 1.218511290731034435e+01 7.414769007286419367e+01
2.819099525209368462e+00 1.220362445006470686e+01 7.419915492736132023e+01
2.829937330309561183e+00 1.222239441776152091e+01 7.425195797202468384e+01
2.840688277674154438e+00 1.224142674242811069e+01 7.430611709823534738e+01
2.851352595312928173e+00 1.226072544512011930e+01 7.436164981895976211e+01
2.861930527262539936e+00 1.228029464095541812e+01 7.441857324299826359e+01
2.872422333026624752e+00 1.230013852575971356e+01 7.447690404906371953e+01
2.882828287025178238e+00 1.232026139813164356e+01 7.453665845972825821e+01
2.893148678053395706e+00 1.234066764710923358e+01 7.459785221527342003e+01
2.903383808750058304e+00 1.236136175643114044e+01 7.466050054748420450e+01
2.913533995075566541e+00 1.238234830550476850e+01 7.472461815342602165e+01
2.923599565799746447e+00 1.240363197031060949e+01 7.479021916924560287e+01
2.933580861999426137e+00 1.242521752423865955e+01 7.485731714403749493e+01
2.943478236565896022e+00 1.244710983885301481e+01 7.492592501381948011e+01
2.953292053722262001e+00 1.246931388458052403e+01 7.499605507565965468e+01
2.963022688550700945e+00 1.249183473339640749e+01 7.506771896200028493e+01
2.972670526529662904e+00 1.251467755140493487e+01 7.514092761522310582e+01
2.982235963080976937e+00 1.253784761069930909e+01 7.521569126250058446e+01
2.991719403126880117e+00 1.256135028237976137e+01 7.529201939098054197e+01
3.001121260656908429e+00 1.258519103855902088e+01 7.536992072334956561e+01
3.010441958304644672e+00 1.260937545250065384e+01 7.544940319382040173e+01
3.019681926934248750e+00 1.263390919864883699e+01 7.553047392459194498e+01
3.028841605236733070e+00 1.265879805254449231e+01 7.561313920282627521e+01
3.037921439335905305e+00 1.268404789062250160e+01 7.569740445818973740e+01
3.046921882403911042e+00 1.270966468988469344e+01 7.578327424100331200e+01
3.055843394286291925e+00 1.273565453229510069e+01 7.587075220104868833e+01
3.064686441136474926e+00 1.276202358564730766e+01 7.595984106707322780e+01
3.073451495059599026e+00 1.278877812948957882e+01 7.605054262703986012e+01
3.082139033765569636e+00 1.281592453716919877e+01 7.614285770916269769e+01
3.090749540231251480e+00 1.284346927891327717e+01 7.623678616377334549e+01
3.099283502371667609e+00 1.287141892064051873e+01 7.633232684605651741e+01
3.107741412720118834e+00 1.289978012260944062e+01 7.642947759969692356e+01
3.116123768117066817e+00 1.292855963789716967e+01 7.652823524147420642e+01
3.124431069407694661e+00 1.295776431070303403e+01 7.662859554684426655e+01
3.132663821148000682e+00 1.298740107447107661e+01 7.673055323654183724e+01
3.140822531319278799e+00 1.301747695250208459e+01 7.683410196423729133e+01
3.148907711050901170e+00 1.304799904547383527e+01 7.693923430528114693e+01
3.156919874351216126e+00 1.307897454367734902e+01 7.704594174656425309e+01
3.164859537846463233e+00 1.311041071494901722e+01 7.715421467752241824e+01
3.172727220527551850e+00 1.314231490406565150e+01 7.726404238231084776e+01
3.180523443504553072e+00 1.317469452965984722e+01 7.737541303317151176e+01
3.188248729768801581e+00 1.320755708091473046e+01 7.748831368501451777e+01
3.195903603962417794e+00 1.324091011403263529e+01 7.760273027123164979e+01
3.203488592155149917e+00 1.327476124847268579e+01 7.771864760075838774e+01
3.211004221628368516e+00 1.330911816295227013e+01 7.783604935639762346e+01
3.218451020666081686e+00 1.334398859632760548e+01 7.795491809441558928e+01
3.225829518352825165e+00 1.337938032356075269e+01 7.807523524541851145e+01
3.233140244378293726e+00 1.341530117907001873e+01 7.819698111651486272e+01
3.240383728848544198e+00 1.345175903376232718e+01 7.832013489476602786e+01
3.247560502103679969e+00 1.348876179411389309e+01 7.844467465192504108e+01
3.254671094541810916e+00 1.352631739666385080e+01 7.857057735046076630e+01
3.261716036449211931e+00 1.356443380224388839e+01 7.869781885086160855e+01
3.268695857836495300e+00 1.360311898994093838e+01 7.882637392020966161e+01
3.275611088280683258e+00 1.364238095079071655e+01 7.895621624201544364e+01
3.282462256773032383e+00 1.368222768119992239e+01 7.908731842729771699e+01
3.289249891572480156e+00 1.372266717795221957e+01 7.921965202689318630e+01
3.295974520064586688e+00 1.376370742399703495e+01 7.935318754497535565e+01
3.302636668625812177e+00 1.380535639122977720e+01 7.948789445376250740e+01
3.309236862493032394e+00 1.384762202630254890e+01 7.962374120938881106e+01
3.315775625638147872e+00 1.389051224424341413e+01 7.976069526891271266e+01
3.322253480647640256e+00 1.393403492023474222e+01 7.989872310843395553e+01
3.328670948606990976e+00 1.397819788111951844e+01 8.003779024228710171e+01
3.335028548989803721e+00 1.402300889663755790e+01 8.017786124327815855e+01
3.341326799551512572e+00 1.406847567039434210e+01 8.031889976393000552e+01
3.347566216227575886e+00 1.411460583056571316e+01 8.046086855869798171e+01
3.353747313036009370e+00 1.416140692338655249e+01 8.060372950711703766e+01
3.359870601984162430e+00 1.420888639172072843e+01 8.074744363783980816e+01
3.365936592979617892e+00 1.425705158168519127e+01 8.089197115352257583e+01
3.371945793745085407e+00 1.430590972166455721e+01 8.103727145651645003e+01
3.377898709737210847e+00 1.435546791433492153e+01 8.118330317531764706e+01
3.383795844069153791e+00 1.440573312588807298e+01 8.133002419173126896e+01
3.389637697436862052e+00 1.445671217503275408e+01 8.147739166870186978e+01
3.395424768048908248e+00 1.450841172178153293e+01 8.162536207876142669e+01
3.401157551559812475e+00 1.456083825603288950e+01 8.177389123304827478e+01
3.406836541006726726e+00 1.461399808595832006e+01 8.192293431084515021e+01
3.412462226749386929e+00 1.466789732722075890e+01 8.207244588958945997e+01
3.418035096413263307e+00 1.472254188713093370e+01 8.222237997530393727e+01
3.423555634835765193e+00 1.477793745808265768e+01 8.237269003339837070e+01
3.429024324015451430e+00 1.483408950171532048e+01 8.252332901979350765e+01
3.434441643064133132e+00 1.489100323736093046e+01 8.267424941231510616e+01
3.439808068161776866e+00 1.494868362951559959e+01 8.282540324231128182e+01
3.445124072514146540e+00 1.500713537520741525e+01 8.297674212644231773e+01
3.450390126313061412e+00 1.506636289127622774e+01 8.312821729859548725e+01
3.455606696699222713e+00 1.512637030158211893e+01 8.327977964187681437e+01
3.460774247727501862e+00 1.518716142415944681e+01 8.343137972063239260e+01
3.465893240334633862e+00 1.524873975917286728e+01 8.358296781245431362e+01
3.470964132309207528e+00 1.531110847281253307e+01 8.373449394012592961e+01
3.475987378263906802e+00 1.537427038900081122e+01 8.388590790346074755e+01
3.480963429609925885e+00 1.543822797356186882e+01 8.403715931099587522e+01
3.485892734533459603e+00 1.550298332209274221e+01 8.418819761149526926e+01
3.490775737974228132e+00 1.556853814718481388e+01 8.433897212522445841e+01
3.495612881605956623e+00 1.563489376572720246e+01 8.448943207495844376e+01
3.500404603818739968e+00 1.570205108631327029e+01 8.463952661668457722e+01
3.505151339703231006e+00 1.577001059677214556e+01 8.478920486996625527e+01
3.509853521036596202e+00 1.583877235184736598e+01 8.493841594793293837e+01
3.514511576270150428e+00 1.590833596105421677e+01 8.508710898686418034e+01
3.519125930518656631e+00 1.597870057668108146e+01 8.523523317533833676e+01
3.523697005551177153e+00 1.604986488210625950e+01 8.538273778291522831e+01
3.528225219783466482e+00 1.612182708025001077e+01 8.552957218832861486e+01
3.532710988271822394e+00 1.619458488234052140e+01 8.567568590716066979e+01
3.537154722708351073e+00 1.626813549695398464e+01 8.582102861897647017e+01
3.541556831417594697e+00 1.634247561936278004e+01 8.596555019389683139e+01
3.545917719354456654e+00 1.641760142121484733e+01 8.610920071858920721e+01
3.550237788103407954e+00 1.649350854056750748e+01 8.625193052165897711e+01
3.554517435878881138e+00 1.657019207229878077e+01 8.639369019842489195e+01
3.558757057526840129e+00 1.664764655867726972e+01 8.653443063506297506e+01
3.562957044527463424e+00 1.672586598150823178e+01 8.667410303210839118e+01
3.567117784998909968e+00 1.680484375251656814e+01 8.681265892730127121e+01
3.571239663702100664e+00 1.688457270631611706e+01 8.695005021776886167e+01
3.575323062046503075e+00 1.696504509284835294e+01 8.708622918153575654e+01
3.579368358096850944e+00 1.704625257052687459e+01 8.722114849835476491e+01
3.583375926580782966e+00 1.712818619991201885e+01 8.735476126985503242e+01
3.587346138897348879e+00 1.721083643793526363e+01 8.748702103900265570e+01
3.591279363126339774e+00 1.729419313269275449e+01 8.761788180887241140e+01
3.595175964038431093e+00 1.737824551882644286e+01 8.774729806073011673e+01
3.599036303106069923e+00 1.746298221347518265e+01 8.787522477142525190e+01
3.602860738515106576e+00 1.754839121301464644e+01 8.800161743009736881e+01
3.606649625177108298e+00 1.763445989012306825e+01 8.812643205419698234e+01
3.610403314742343106e+00 1.772117499179602618e+01 8.824962520482755224e+01
3.614122155613392007e+00 1.780852263788972323e+01 8.837115400141169630e+01
3.617806492959327436e+00 1.789648832037228843e+01 8.849097613568903853e+01
3.621456668730655526e+00 1.798505690326899753e+01 8.860904988505191682e+01
3.625073021674418694e+00 1.807421262331251199e+01 8.872533412522803076e+01
3.628655887350199727e+00 1.816393909130827922e+01 8.883978834231736244e+01
3.632205598146426961e+00 1.825421929422422451e+01 8.895237264419370149e+01
3.635722483297183061e+00 1.834503559808166528e+01 8.906304777128079309e+01
3.639206868899447667e+00 1.843636975124171684e+01 8.917177510671383800e+01
3.642659077930773925e+00 1.852820288911359725e+01 8.927851668589731560e+01
3.646079430267337163e+00 1.862051553894221811e+01 8.938323520547157841e+01
3.649468242702371246e+00 1.871328762567639359e+01 8.948589403169970069e+01
3.652825828964771038e+00 1.880649847852442491e+01 8.958645720828769754e+01
3.656152499738918316e+00 1.890012683826257600e+01 8.968488946365076231e+01
3.659448562683016881e+00 1.899415086529516827e+01 8.978115621763946308e+01
3.662714322449527771e+00 1.908854814846381842e+01 8.987522358773779274e+01
3.665950080704961422e+00 1.918329571460233041e+01 8.996705839474847721e+01
3.669156136150107717e+00 1.927837003890366674e+01 9.005662816797827475e+01
3.672332784540499162e+00 1.937374705567124877e+01 9.014390114993678083e+01
3.675480318707093907e+00 1.946940217047901100e+01 9.022884630056454114e+01
3.678599028577154151e+00 1.956531027238281695e+01 9.031143330100145761e+01
3.681689201195315064e+00 1.966144574716394544e+01 9.039163255691195786e+01
3.684751120744714115e+00 1.975778249120452301e+01 9.046941520137987425e+01
3.687785068568804281e+00 1.985429392604540055e+01 9.054475309738579369e+01
3.690791323192254225e+00 1.995095301361260454e+01 9.061761883988252464e+01
3.693770160343030184e+00 2.004773227209673436e+01 9.068798575748041912e+01
3.696721852974062195e+00 2.014460379246909483e+01 9.075582791375644831e+01
3.699646671285118149e+00 2.024153925514910313e+01 9.082112010820048908e+01
3.702544882744768895e+00 2.033850994951048108e+01 9.088383787681163994e+01
3.705416752112426604e+00 2.043548678967017906e+01 9.094395749235650328e+01
3.708262541460456863e+00 2.053244033497146503e+01 9.100145596430284911e+01
3.711082510196326290e+00 2.062934080901200318e+01 9.105631103844062579e+01
3.713876915084575625e+00 2.072615811957162180e+01 9.110850119620118903e+01
3.716646010270049594e+00 2.082286187903146413e+01 9.115800565368812158e+01
3.719390047298660296e+00 2.091942142525972415e+01 9.120480436042956285e+01
3.722109275140673468e+00 2.101580584293889231e+01 9.124887799786343123e+01
3.724803940212743747e+00 2.111198398530845566e+01 9.129020797756655270e+01
3.727474286400193737e+00 2.120792449588300954e+01 9.132877643923784206e+01
3.730120555079295297e+00 2.130359583251338407e+01 9.136456624844535668e+01
3.732742985139523295e+00 2.139896628797085398e+01 9.139756099414761081e+01
3.735341813005783607e+00 2.149400401450775888e+01 9.142774498599804645e+01
3.737917272660613133e+00 2.158867704692274714e+01 9.145510325144198305e+01
3.740469595666183977e+00 2.168295332621578808e+01 9.147962153261467222e+01
3.742999011187012837e+00 2.177680072346091222e+01 9.150128628304966583e+01
3.745505746011124959e+00 2.187018706386699662e+01 9.152008466420421939e+01
3.747990024572646295e+00 2.196308015099650035e+01 9.153600454181137991e+01
3.750452068973588737e+00 2.205544779111237830e+01 9.154903448206475503e+01
3.752892099005715298e+00 2.214725781674940208e+01 9.155916374764453280e+01
3.755310332172323129e+00 2.223847811454327683e+01 9.156638229359084846e+01
3.757706983709958148e+00 2.232907664503890288e+01 9.157068076303140458e+01
3.760082266610024870e+00 2.241902147027214554e+01 9.157205048276995285e+01
3.762436391640328281e+00 2.250828077758170664e+01 9.157048345874243012e+01
3.764769567366149428e+00 2.259682290409431360e+01 9.156597237134481304e+01
3.767082000173005429e+00 2.268461636112960278e+01 9.155851057064040788e+01
3.769373894285749760e+00 2.277162985849550481e+01 9.154809207145079597e+01
3.771645451791131975e+00 2.285783232864588044e+01 9.153471154833630408e+01
3.773896872658452306e+00 2.294319295067227671e+01 9.151836433046999275e+01
3.776128354760473371e+00 2.302768117374485257e+01 9.149904639641131610e+01
3.778340093894207552e+00 2.311126674204729525e+01 9.147675436878280664e+01
3.780532283801587567e+00 2.319391971616849801e+01 9.145148550885471650e+01
3.782705116190020256e+00 2.327561049739749421e+01 9.142323771104192076e+01
3.784858780752803131e+00 2.335630985018822514e+01 9.139200949731633727e+01
3.786993465189215424e+00 2.343598892459840854e+01 9.135780001153993624e+01
3.789109355225520837e+00 2.351461927838242616e+01 9.132060901372064166e+01
3.791206634633746297e+00 2.359217289871555678e+01 9.128043687419571484e+01
3.793285485252423150e+00 2.366862222352690281e+01 9.123728456774543361e+01
3.795346087006140845e+00 2.374394016241994265e+01 9.119115366764090425e+01
3.797388617925174348e+00 2.381810011636033408e+01 9.114204633962752666e+01
3.799413254164974774e+00 2.389107600074685323e+01 9.108996533585025190e+01
3.801420170025515688e+00 2.396284226063131229e+01 9.103491398871969409e+01
3.803409537970501297e+00 2.403337389256032708e+01 9.097689620472498007e+01
3.805381528646422318e+00 2.410264646247689413e+01 9.091591645819447365e+01
3.807336310900976795e+00 2.417063612376224668e+01 9.085197978500744398e+01
3.809274051803858807e+00 2.423731963473883511e+01 9.078509177625903703e+01
3.811194916662342447e+00 2.430267437561942501e+01 9.071525857188120767e+01
3.813099069041796074e+00 2.436667836488874528e+01 9.064248685422208496e+01
3.814986670783494738e+00 2.442931027510475772e+01 9.056678384158541917e+01
3.816857882022806958e+00 2.449054944769566688e+01 9.048815728173356376e+01
3.818712861207216314e+00 2.455037590912834489e+01 9.040661544535458916e+01
3.820551765114209353e+00 2.460877038266188777e+01 9.032216711949769206e+01
3.822374748868999195e+00 2.466571430314089852e+01 9.023482160097685778e+01
3.824181965962101692e+00 2.472118982938696519e+01 9.014458868974655559e+01
3.825973568266468838e+00 2.477517985629133435e+01 9.005147868225074603e+01
3.827749706055956214e+00 2.482766802625928904e+01 8.995550236474706196e+01
3.829510528020645399e+00 2.487863873999948794e+01 8.985667100660843687e+01
3.831256181285018325e+00 2.492807716665227602e+01 8.975499635360422701e+01
3.832986811424477835e+00 2.497596925325195727e+01 8.965049062116233358e+01
3.834702562482005028e+00 2.502230173278686109e+01 8.954316648761449926e+01
3.836403576984687813e+00 2.506706213509443160e+01 8.943303708742659808e+01
3.838089995960072276e+00 2.511023879032363126e+01 8.932011600441549604e+01
3.839761958952380816e+00 2.515182083822850956e+01 8.920441726495496937e+01
3.841419604038573521e+00 2.519179823363395343e+01 8.908595533117181731e+01
3.843063067843525804e+00 2.523016175182478094e+01 8.896474509413407361e+01
3.844692485558702355e+00 2.526690299324886269e+01 8.884080186703359061e+01
3.846307990953392597e+00 2.530201438753344334e+01 8.871414137836418945e+01
3.847909716393085766e+00 2.533548919681453526e+01 8.858477976509729501e+01
3.849497792854060574e+00 2.536732151837971827e+01 8.845273356585731506e+01
3.851072349938530426e+00 2.539750628662597975e+01 8.831801971409740304e+01
3.852633515889666516e+00 2.542603927432725897e+01 8.818065553127848943e+01
3.854181417606463267e+00 2.545291709323058171e+01 8.804065872005249105e+01
3.855716180658450121e+00 2.547813719395858101e+01 8.789804735745222786e+01
3.857237929300268320e+00 2.550169786523962401e+01 8.775283988808789104e+01
3.858746786486093150e+00 2.552359823246048265e+01 8.760505511735510709e+01
3.860242873883489523e+00 2.554383825554609899e+01 8.745471220465211104e+01
3.861726311889263297e+00 2.556241872616982747e+01 8.730183065661115904e+01
3.863197219640873481e+00 2.557934126429842436e+01 8.714643032034385328e+01
3.864655715032008665e+00 2.559460831407550785e+01 8.698853137670280944e+01
3.866101914725857291e+00 2.560822313904878911e+01 8.682815311094859112e+01
3.867535934168683465e+00 2.562018981674562568e+01 8.666531869009489242e+01
3.868957887603248658e+00 2.563051323260274472e+01 8.650004813199755915e+01
3.870367888082097085e+00 2.563919907325580638e+01 8.633236288505169398e+01
3.871766047480708739e+00 2.564625381919505287e+01 8.616228469799189327e+01
3.873152476510510311e+00 2.565168473679410610e+01 8.598983561328546443e+01
3.874527284730705734e+00 2.565549986971857876e+01 8.581503796055295652e+01
3.875890580565187538e+00 2.565770802972258124e+01 8.563791435001752461e+01
3.877242471308874450e+00 2.565831878684099721e+01 8.545848766598435020e+01
3.878583063144363408e+00 2.565734245898615384e+01 8.527678106035224914e+01
3.879912461153222303e+00 2.565479010095803147e+01 8.509281794615753824e+01
3.881230769328195773e+00 2.565067349287764742e+01 8.490662806462404433e+01
3.882538090585273327e+00 2.564500512805378563e+01 8.471822386627684409e+01
3.883834526775639340e+00 2.563779820029380829e+01 8.452763497220159650e+01
3.885120178697487603e+00 2.562906659066992177e+01 8.433488578290626947e+01
3.886395146107707532e+00 2.561882485375287999e+01 8.414000092888387883e+01
3.887659527732818976e+00 2.560708820332544988e+01 8.394300526442802379e+01
3.888913421282911731e+00 2.559387249758912475e+01 8.374392386149250456e+01
3.890156923459194616e+00 2.557919422387773167e+01 8.354278200359807727e+01
3.891390129967690736e+00 2.556307048289247064e+01 8.333960517978624694e+01
3.892613135529678026e+00 2.554551897247347725e+01 8.313441907862205937e+01
3.893826033892620497e+00 2.552655797092389989e+01 8.292724740989525856e+01
3.895028917840999583e+00 2.550620631990280884e+01 8.271812035118227868e+01
3.896221879207012240e+00 2.548448340690429958e+01 8.250706219519933882e+01
3.897405008881150490e+00 2.546140914734054306e+01 8.229409936756378841e+01
3.898578396822672154e+00 2.543700396624746674e+01 8.207925846404312153e+01
3.899742132068430234e+00 2.541128877963220134e+01 8.186256624486458122e+01
3.900896302749185196e+00 2.538428497548231988e+01 8.164404962908041341e+01
3.902040996090585523e+00 2.535601439445722960e+01 8.142373568898979386e+01
3.903176298429291258e+00 2.532649931028323209e+01 8.120165164461894847e+01
3.904302295221319774e+00 2.529576240987373481e+01 8.097782485825872811e+01
3.905419071051838387e+00 2.526382677319721282e+01 8.075228035067003418e+01
3.906526709644841944e+00 2.523071585291594232e+01 8.052505042238082922e+01
3.907625293872709182e+00 2.519645345381885093e+01 8.029616060838333169e+01
3.908714905765657388e+00 2.516106371207265369e+01 8.006563878368952203e+01
3.909795626521102907e+00 2.512457107431564651e+01 7.983351293892279443e+01
3.910867536511985598e+00 2.508700027661924636e+01 7.959981117520393923e+01
3.911930715299554162e+00 2.504837632334227138e+01 7.936456169909756397e+01
3.912985241636922407e+00 2.500872446590390652e+01 7.912779281762153971e+01
3.914031193481666282e+00 2.496807018150102309e+01 7.888953293331840655e+01
3.915068648003724672e+00 2.492643915179608882e+01 7.864981053938913647e+01
3.916097681594148394e+00 2.488385724160194457e+01 7.840865356787099927e+01
3.917118369873712425e+00 2.484035047758984049e+01 7.816609189432550409e+01
3.918130787701460616e+00 2.479594502704732761e+01 7.792215367818887728e+01
3.919135009183131846e+00 2.475066717671228744e+01 7.767686772699880748e+01
3.920131107679496907e+00 2.470454331170970264e+01 7.743026291548379447e+01
3.921119155812391011e+00 2.465759989461720281e+01 7.718236818106761632e+01
3.922099225481746387e+00 2.460986344468576448e+01 7.693321251943700645e+01
3.923071387860278758e+00 2.456136051724111269e+01 7.668282498017057947e+01
3.924035713410381820e+00 2.451211768329143581e+01 7.643123466243035580e+01
3.924992271889754303e+00 2.446216150936648503e+01 7.617847071071359721e+01
3.925941132359191510e+00 2.441151853761273216e+01 7.592456161617592159e+01
3.926882363190259184e+00 2.436021526616862687e+01 7.566953790241322508e+01
3.927816032072901642e+00 2.430827812984365721e+01 7.541342820830755045e+01
3.928742206022957539e+00 2.425573348112390093e+01 7.515626181733726696e+01
3.929660951389578827e+00 2.420260757152640707e+01 7.489806803787918454e+01
3.930572333861239720e+00 2.414892653332394445e+01 7.463887619931087158e+01
3.931476418478350165e+00 2.409471636166051667e+01 7.437871564816971670e+01
3.932373269632369439e+00 2.404000289707762050e+01 7.411761574436803812e+01
3.933262951078275282e+00 2.398481180847008787e+01 7.385560585746367224e+01
3.934145525940229593e+00 2.392916857648937423e+01 7.359271536298489025e+01
3.935021056718490673e+00 2.387309847741125779e+01 7.332897344841560994e+01
3.935889605296273075e+00 2.381662656748388684e+01 7.306440984614549450e+01
3.936751232946497758e+00 2.375977766777092626e+01 7.279905375970187720e+01
3.937606000338488066e+00 2.370257634950364789e+01 7.253293455245885468e+01
3.938453967544578660e+00 2.364504691995444219e+01 7.226608157613391370e+01
3.939295194043374693e+00 2.358721340884342155e+01 7.199852416741519789e+01
3.940129738739310383e+00 2.352909955528815900e+01 7.173029164463622465e+01
3.940957659949340552e+00 2.347072879530603018e+01 7.146141330449569296e+01
3.941779015422402832e+00 2.341212424987689644e+01 7.119191841882235394e+01
3.942593862342353539e+00 2.335330871357287208e+01 7.092183623138245707e+01
3.943402257334127636e+00 2.329430464376095955e+01 7.065119573573657874e+01
3.944204256469831193e+00 2.323513415038278040e+01 7.038002651832623258e+01
3.944999915274758795e+00 2.317581898631468462e+01 7.010835752701811430e+01
3.945789288733341227e+00 2.311638053831035933e+01 6.983621786179226376e+01
3.946572431295027439e+00 2.305683981852662967e+01 6.956363657916324428e+01
3.947349396878118366e+00 2.299721745663244832e+01 6.929064268921595726e+01
3.948120238883418232e+00 2.293753369249975549e+01 6.901726515267506556e+01
3.948885010188027067e+00 2.287780836947345975e+01 6.874353287800713019e+01
3.949643763158892984e+00 2.281806092821748067e+01 6.846947471855361300e+01
3.950396549656355560e+00 2.275831040113206427e+01 6.819511946969366534e+01
3.951143421039643222e+00 2.269857540733697476e+01 6.792049580321554458e+01
3.951884428172278252e+00 2.263887414821414623e+01 6.764563250703240271e+01
3.952619621427428953e+00 2.257922440350237636e+01 6.737055813071270904e+01
3.953349050693211186e+00 2.251964352793586244e+01 6.709530120982755363e+01
3.954072765377900645e+00 2.246014844841753799e+01 6.681989020818573977e+01
3.954790814410285016e+00 2.240075566171729449e+01 6.654435351514665342e+01
3.955503246264129746e+00 2.234148123268454356e+01 6.626871944295407957e+01
3.956210108934119951e+00 2.228234079296395365e+01 6.599301622408967205e+01
3.956911449960294203e+00 2.222334954020219300e+01 6.571727200864540919e+01
3.957607316428110700e+00 2.216452223773342567e+01 6.544151486171290344e+01
3.958297754973311822e+00 2.210587321473022016e+01 6.516577268755155217e+01
3.958982811786745604e+00 2.204741636680669004e+01 6.489007350949459862e+01
3.959662532619135256e+00 2.198916515705943198e+01 6.461444505797450688e+01
3.960336962785770076e+00 2.193113261753217458e+01 6.433891503212910834e+01
3.961006147171170166e+00 2.187333135108923088e+01 6.406351103325758345e+01
3.961670130230752207e+00 2.181577353368267325e+01 6.378826056229495833e+01
3.962328956007092451e+00 2.175847091699809255e+01 6.351319101729894356e+01
3.962982668116804774e+00 2.170143483146312491e+01 6.323832969094713263e+01
3.963631309766753485e+00 2.164467618960338768e+01 6.296370376804566149e+01
3.964274923755480184e+00 2.158820548972972730e+01 6.268934032304786541e+01
3.964913552477546954e+00 2.153203281994105112e+01 6.241526629619807665e+01
3.965547237927819157e+00 2.147616786242679510e+01 6.214150857349675761e+01
3.966176021705711818e+00 2.142061989805307221e+01 6.186809386485577278e+01
3.966799945019359175e+00 2.136539781121670600e+01 6.159504877864797123e+01
3.967419048689770023e+00 2.131051009495120496e+01 6.132239980062728080e+01
3.968033373147741294e+00 2.125596485626911658e+01 6.105017329150476968e+01
3.968642958466626069e+00 2.120176982172523239e+01 6.077839548453522411e+01
3.969247844323165353e+00 2.114793234318515758e+01 6.050709248311325439e+01
3.969848070030271181e+00 2.109445940378424567e+01 6.023629025838047113e+01
3.970443674533705281e+00 2.104135762406180632e+01 5.996601464684381000e+01
3.971034696415944421e+00 2.098863326825606634e+01 5.969629132220284617e+01
3.971621173899989810e+00 2.093629225074544919e+01 5.942714589239615464e+01
3.972203144853141410e+00 2.088434014262207938e+01 5.915860375333836174e+01
3.972780646790726067e+00 2.083278217838373436e+01 5.889069017935950257e+01
3.973353716879771902e+00 2.078162326273096028e+01 5.862343029843017206e+01
3.973922391938322640e+00 2.073086797745604670e+01 5.835684908986185349e+01
3.974486708456431483e+00 2.068052058841148977e+01 5.809097138202528043e+01
3.975046702573560964e+00 2.063058505254534225e+01 5.782582185008666187e+01
3.975602410099582595e+00 2.058106502499175150e+01 5.756142501376496767e+01
3.976153866513862933e+00 2.053196386620508562e+01 5.729780523510996204e+01
3.976701106968714150e+00 2.048328464912654923e+01 5.703498670791606173e+01
3.977244166292782435e+00 2.043503016637263414e+01 5.677299348784384136e+01
3.977783078994410193e+00 2.038720293743515199e+01 5.651184944353941830e+01
3.978317879264954282e+00 2.033980521588302537e+01 5.625157828462607057e+01
3.978848600982067385e+00 2.029283899655633761e+01 5.599220355232888124e+01
3.979375277702285718e+00 2.024630602274379498e+01 5.573374861741831410e+01
3.979897942706956737e+00 2.020020779333490424e+01 5.547623667818798054e+01
3.980416628941195079e+00 2.015454556993886470e+01 5.521969075846882191e+01
3.980931369059915070e+00 2.010932038396233068e+01 5.496413370568185996e+01
3.981442195420179520e+00 2.006453304363887113e+01 5.470958818893179654e+01
3.981949140084268368e+00 2.002018414100306387e+01 5.445607668532870349e+01
3.982452234822695392e+00 1.997627405880294305e+01 5.420362152362999808e+01
3.982951511117216903e+00 1.993280297734457207e+01 5.395224481672448036e+01
3.983447000163773843e+00 1.988977088126310733e+01 5.370196850224993312e+01
3.983938732875437871e+00 1.984717756621499518e+01 5.345281433068478094e+01
3.984426739878810686e+00 1.980502264548648839e+01 5.320480386373522208e+01
3.984911051542830318e+00 1.976330555651364662e+01 5.295795847278002100e+01
3.985391697942620048e+00 1.972202556731002332e+01 5.271229933737529905e+01
3.985868708888316458e+00 1.968118178279774710e+01 5.246784744382188848e+01
3.986342113921313324e+00 1.964077315103878618e+01 5.222462358379755898e+01
3.986811942316985213e+00 1.960079846936296377e+01 5.198264834952967561e+01
3.987278223087402207e+00 1.956125639039004227e+01 5.174194214613692111e+01
3.987740984983985992e+00 1.952214542794317609e+01 5.150252517084169313e+01
3.988200256500158858e+00 1.948346396285144877e+01 5.126441742452831107e+01
3.988656065873950940e+00 1.944521024863951553e+01 5.102763870767891774e+01
3.989108441074678879e+00 1.940738241710270273e+01 5.079220861944678944e+01
3.989557409869226134e+00 1.936997848376585196e+01 5.055814655681110992e+01
3.990002999728791355e+00 1.933299635322507015e+01 5.032547171381606432e+01
3.990445237895353880e+00 1.929643382437096832e+01 5.009420308089570995e+01
3.990884151368117916e+00 1.926028859549303718e+01 4.986435944428691869e+01
3.991319766905949695e+00 1.922455826926427847e+01 4.963595938173202171e+01
3.991752111029787997e+00 1.918924035760601754e+01 4.940902127671490973e+01
3.992181210025032900e+00 1.915433228643267327e+01 4.918356329695413365e+01
3.992607089943897236e+00 1.911983140027643913e+01 4.895960340784838394e+01
3.993029776607742498e+00 1.908573496679222359e+01 4.873715936905079360e+01
3.993449295599719839e+00 1.905204018114325493e+01 4.851624873444857400e+01
3.993865672305767944e+00 1.901874417026769848e+01 4.829688885224249617e+01
3.994278931858680437e+00 1.898584399702721726e+01 4.807909686512748948e+01
3.994689099179196123e+00 1.895333666423817220e+01 4.786288971057503261e+01
3.995096198968474344e+00 1.892121911858635741e+01 4.764828412121892853e+01
3.995500255710272342e+00 1.888948825442646395e+01 4.743529662467612695e+01
3.995901293673090660e+00 1.885814091746735599e+01 4.722394354673213712e+01
3.996299336912322531e+00 1.882717390834449844e+01 4.701424100826707075e+01
3.996694409272342430e+00 1.879658398608086856e+01 4.680620492850290759e+01
3.997086534388603951e+00 1.876636787143774754e+01 4.659985102531852874e+01
3.997475735665915852e+00 1.873652225015709050e+01 4.639519481626439301e+01
3.997862036375767314e+00 1.870704377609689928e+01 4.619225161968219595e+01
3.998245459515147537e+00 1.867792907426137106e+01 4.599103655592944051e+01
3.998626027904186309e+00 1.864917474372754214e+01 4.579156454870808801e+01
3.999003764164160035e+00 1.862077736047012522e+01 4.559385032649724678e+01
3.999378690719455953e+00 1.859273348008646209e+01 4.539790842453324871e+01
3.999750829799483931e+00 1.856503964042338239e+01 4.520375318479781868e+01
4.000120203440591382e+00 1.853769236410790455e+01 4.501139876006046592e+01
4.000486833487953753e+00 1.851068816098369396e+01 4.482085911427503788e+01
4.000850741597426818e+00 1.848402353045517188e+01 4.463214802485214250e+01
4.001211949222946096e+00 1.845769496374134988e+01 4.444527908468852928e+01
4.001570477676286153e+00 1.843169894604124792e+01 4.426026570429038998e+01
4.001926348041787485e+00 1.840603195861304542e+01 4.407712111398847554e+01
4.002279581236308559e+00 1.838069048076877010e+01 4.389585836624232229e+01
4.002630197996415617e+00 1.835567099178669892e+01 4.371649033803210926e+01
4.002978218880129724e+00 1.833096997274339657e+01 4.353902973432475676e+01
4.003323664268664039e+00 1.830658390826736337e+01 4.336348908686935744e+01
4.003666554368116692e+00 1.828250928821642418e+01 4.318988076221832983e+01
4.004006909211169862e+00 1.825874260928064174e+01 4.301821696100592618e+01
4.004344748658762221e+00 1.823528037651291456e+01 4.284850972155829396e+01
4.004680092366113442e+00 1.821211910478907114e+01 4.268077092274920403e+01
4.005012959927103822e+00 1.818925532019953906e+01 4.251501228692254131e+01
4.005343370661393010e+00 1.816668556137441470e+01 4.235124538287774243e+01
4.005671343759274805e+00 1.814440638074386314e+01 4.218948162891454956e+01
4.005996898247389915e+00 1.812241434573575560e+01 4.202973229593401072e+01
4.006320052990284708e+00 1.810070603991238869e+01 4.187200851383693845e+01
4.006640826691955759e+00 1.807927806404810767e+01 4.171632126236254834e+01
4.006959237897390835e+00 1.805812703714967427e+01 4.156268139206237322e+01
4.007275304994078802e+00 1.803724959742109135e+01 4.141109961625834757e+01
4.007589046213508865e+00 1.801664240317474963e+01 4.126158651708946223e+01
4.007900479610976952e+00 1.799630213369052356e+01 4.111415254886975390e+01
4.008209623153928369e+00 1.797622549002447556e+01 4.096880804147593125e+01
4.008516494592845092e+00 1.795640919576901950e+01 4.082556320376063752e+01
4.008821111549898397e+00 1.793684999776595745e+01 4.068442812698734912e+01
4.009123491498513658e+00 1.791754466677406299e+01 4.054541278828368434e+01
4.009423651764781660e+00 1.789848999809286312e+01 4.040852705593163563e+01
4.009721609528845931e+00 1.787968281214400079e+01 4.027378068589922577e+01
4.010017381826286531e+00 1.786111995501182292e+01 4.014118333529009419e+01
4.010310985549469187e+00 1.784279829894451552e+01 4.001074455946284303e+01
4.010602437448899771e+00 1.782471474281736334e+01 3.988247381705152605e+01
4.010891754081116645e+00 1.780686621255942370e+01 3.975638047345233161e+01
4.011178952024155642e+00 1.778924966154501064e+01 3.963247380430465228e+01
4.011464047557038448e+00 1.777186207095135728e+01 3.951076299896325139e+01
4.011747056876001416e+00 1.775470045008371045e+01 3.939125716395858490e+01
4.012027996041942934e+00 1.773776183666916495e+01 3.927396532644340255e+01
4.012306880981689083e+00 1.772104329712037440e+01 3.915889644153916294e+01
4.012583727489225538e+00 1.770454192677052419e+01 3.904605938081947869e+01
4.012858551226958781e+00 1.768825485008052212e+01 3.893546295711448835e+01
4.013131367726922250e+00 1.767217922081965753e+01 3.882711591418850361e+01
4.013402192391996692e+00 1.765631222222088326e+01 3.872102693337468793e+01
4.013671040464549478e+00 1.764065106711164077e+01 3.861720463689426452e+01
4.013937927158074181e+00 1.762519299802139372e+01 3.851565759115005960e+01
4.014202867462319801e+00 1.760993528726685398e+01 3.841639430999320126e+01
4.014465876275403744e+00 1.759487523701587364e+01 3.831942325796273963e+01
4.014726968372140270e+00 1.758001017933087340e+01 3.822475285349833030e+01
4.014986158405198680e+00 1.756533747619296904e+01 3.813239147418557451e+01
4.015243460906219752e+00 1.755085451950734665e+01 3.804234745206524337e+01
4.015498890286927747e+00 1.753655873109108043e+01 3.795462908802855395e+01
4.015752460840233518e+00 1.752244756264401460e+01 3.786924464772718579e+01
4.016004186741324311e+00 1.750851849570361551e+01 3.778620236639095964e+01
4.016254081968440914e+00 1.749476904158457558e+01 3.770551045189425565e+01
4.016502160625758044e+00 1.748119674130386869e+01 3.762717708780408543e+01
4.016748436460824578e+00 1.746779916549207812e+01 3.755121043641249656e+01
4.016992923188614562e+00 1.745457391429165739e+01 3.747761864175577529e+01
4.017235634411671974e+00 1.744151861724279939e+01 3.740640983262454000e+01
4.017476583621117925e+00 1.742863093315761347e+01 3.733759212997411936e+01
4.017715784197678275e+00 1.741590854998318960e+01 3.727117363313428200e+01
4.017953249412681949e+00 1.740334918465426384e+01 3.720716244690337504e+01
4.018188992429055695e+00 1.739095058293596807e+01 3.714556666916114835e+01
4.018423026302300194e+00 1.737871051925733568e+01 3.708639439759582501e+01
4.018655363932524871e+00 1.736662679653600350e+01 3.702965373274858507e+01
4.018886018261560444e+00 1.735469724599478170e+01 3.697535278108257017e+01
4.019115001979136181e+00 1.734291972697046802e+01 3.692349965808244150e+01
4.019342327720704766e+00 1.733129212671550690e+01 3.687410249139130514e+01
4.019568008019064109e+00 1.731981236019288417e+01 3.682716942399212456e+01
4.019792055305281053e+00 1.730847836986476551e+01 3.678270861994120366e+01
4.020014481909607973e+00 1.729728812547532613e+01 3.674072825813115628e+01
4.020235300062386941e+00 1.728623962382806667e+01 3.670123654932015711e+01
4.020454521894948563e+00 1.727533088855828680e+01 3.666424173082905469e+01
4.020672159440492166e+00 1.726455996990078390e+01 3.662975207216184259e+01
4.020888224634975749e+00 1.725392494445336666e+01 3.659777587861956505e+01
4.021102729198013925e+00 1.724342391493649984e+01 3.656832149501697415e+01
4.021315685114459804e+00 1.723305500994933581e+01 3.654139730951176546e+01
4.021527103912863943e+00 1.722281638372260559e+01 3.651701175755565743e+01
4.021736997148801507e+00 1.721270621586850780e+01 3.649517332597803687e+01
4.021945376284854490e+00 1.720272271112807871e+01 3.647589056300437704e+01
4.022152252691442165e+00 1.719286409911618918e+01 3.645917206056407878e+01
4.022357637647649753e+00 1.718312863406451640e+01 3.644502649049119469e+01
4.022561542342023344e+00 1.717351459456272522e+01 3.643346258900631796e+01
4.022763977873378138e+00 1.716402028329815010e+01 3.642448916648429247e+01
4.022964955251600472e+00 1.715464402679410227e+01 3.641811511255674105e+01
4.023164485325254169e+00 1.714538417514726731e+01 3.641434940142369925e+01
4.023362579075555168e+00 1.713623910176406540e+01 3.641320109738560973e+01
4.023559247176564213e+00 1.712720720309655675e+01 3.641467936060784183e+01
4.023754500290200653e+00 1.711828689837780715e+01 3.641879345312923277e+01
4.023948348993295454e+00 1.710947662935699043e+01 3.642555274512645269e+01
4.024140803778350595e+00 1.710077486003451241e+01 3.643496672523885138e+01
4.024331875054268259e+00 1.709218007639713832e+01 3.644704499292491562e+01
4.024521573147089804e+00 1.708369078615343994e+01 3.646179728630526284e+01
4.024709908300721395e+00 1.707530551846965139e+01 3.647923347630965196e+01
4.024896890677645445e+00 1.706702282370604706e+01 3.649936357758708994e+01
4.025082530178933027e+00 1.705884127315407284e+01 3.652219775655603229e+01
4.025266837169091616e+00 1.705075945877426591e+01 3.654774633979349119e+01
4.025449821388565219e+00 1.704277599293513035e+01 3.657601982277412844e+01
4.025631492681213786e+00 1.703488950815309622e+01 3.660702887897144109e+01
4.025811860812971155e+00 1.702709865683365820e+01 3.664078436933134952e+01
4.025990935472512966e+00 1.701940211101378253e+01 3.667729736072687530e+01
4.026168726271935228e+00 1.701179856210567465e+01 3.671657910344431741e+01
4.026345242747419562e+00 1.700428672064207447e+01 3.675864108884344716e+01
4.026520494359885127e+00 1.699686531602304385e+01 3.680349503037874115e+01
4.026694490495641432e+00 1.698953309626442376e+01 3.685115288231840935e+01
4.026867240356766686e+00 1.698228882774800752e+01 3.690162685167549483e+01
4.027038753403618720e+00 1.697513129497346895e+01 3.695492941058225966e+01
4.027209038691457188e+00 1.696805930031216647e+01 3.701107330911602844e+01
4.027378105314545209e+00 1.696107166376285846e+01 3.707007158858480267e+01
4.027545962295702608e+00 1.695416722270932652e+01 3.713193759528000726e+01
4.027712618586909876e+00 1.694734483168010541e+01 3.719668499943035300e+01
4.027878083069934334e+00 1.694060336211019901e+01 3.726432779189647704e+01
4.028042364556917221e+00 1.693394170210495275e+01 3.733488032520241262e+01
4.028205471790975878e+00 1.692735875620606478e+01 3.740835731270428965e+01
4.028367413446793499e+00 1.692085344515978207e+01 3.748477384874161089e+01
4.028528197858718407e+00 1.691442470568731693e+01 3.756414542531906875e+01
4.028687834113250155e+00 1.690807149025751599e+01 3.764648794929141218e+01
4.028846330408804910e+00 1.690179276686184195e+01 3.773181776005318966e+01
4.029003695152125530e+00 1.689558751879158649e+01 3.782015164773472549e+01
4.029159936684398424e+00 1.688945474441751315e+01 3.791150687190528856e+01
4.029315063281803333e+00 1.688339345697172433e+01 3.800590119227170760e+01
4.029469083156063114e+00 1.687740268433200796e+01 3.810335284461589112e+01
4.029622004455005069e+00 1.687148146880847577e+01 3.820388062379731764e+01
4.029773835263081416e+00 1.686562886693265284e+01 3.830750386433756205e+01
4.029924583601924404e+00 1.685984394924892271e+01 3.841424247127609704e+01
4.030074257264527837e+00 1.685412580010837758e+01 3.852411694187251356e+01
4.030222864482333911e+00 1.684847351746510924e+01 3.863714838779196725e+01
4.030370412924126455e+00 1.684288621267491237e+01 3.875335855776591387e+01
4.030516910365490091e+00 1.683736301029637517e+01 3.887276986071913853e+01
4.030662364521800711e+00 1.683190304789441427e+01 3.899540538935336542e+01
4.030806783048720199e+00 1.682650547584621847e+01 3.912128895132730833e+01
4.030950173542702686e+00 1.682116945714957623e+01 3.925044506647253684e+01
4.031092543541490159e+00 1.681589416723371144e+01 3.938289903074286968e+01
4.031233900524607172e+00 1.681067879377236096e+01 3.951867691652664405e+01
4.031374251913846685e+00 1.680552253649941008e+01 3.965780560431635848e+01
4.031513604662544381e+00 1.680042460702680174e+01 3.980031280874772648e+01
4.031651966903846862e+00 1.679538422866486158e+01 3.994622710498894236e+01
4.031789345475068842e+00 1.679040063624503887e+01 4.009557795545865133e+01
4.031925747571876606e+00 1.678547307594490334e+01 4.024839573685104455e+01
4.032061180334579831e+00 1.678060080511557572e+01 4.040471176744507886e+01
4.032195650848593438e+00 1.677578309211144614e+01 4.056455835188173609e+01
4.032329166144894117e+00 1.677101921612218760e+01 4.072796874341048579e+01
4.032461733200473297e+00 1.676630846700714628e+01 4.089497726588992776e+01
4.032593358938791006e+00 1.676165014513191664e+01 4.106561928190018307e+01
4.032724050230206636e+00 1.675704356120728278e+01 4.123993123550162920e+01
4.032853813641312790e+00 1.675248803613033388e+01 4.141795068067624896e+01
4.032982656441651770e+00 1.674798290082783936e+01 4.159971630984932744e+01
4.033110585092010147e+00 1.674352749610186564e+01 4.178526798245650298e+01
4.033237606254752805e+00 1.673912117247754949e+01 4.197464675352013330e+01
4.033363726541312033e+00 1.673476329005309537e+01 4.216789490219770897e+01
4.033488952512615633e+00 1.673045321835184041e+01 4.236505597043784377e+01
4.033613290679498142e+00 1.672619033617658957e+01 4.256617475260438965e+01
4.033736747503111175e+00 1.672197403146594752e+01 4.277129737926049557e+01
4.033859329395339977e+00 1.671780370115281755e+01 4.298047130970353891e+01
4.033981042719206656e+00 1.671367875102494338e+01 4.319374536829603528e+01
4.034101893168251074e+00 1.670959859558752214e+01 4.341116977198935700e+01
4.034221888255405730e+00 1.670556265792782824e+01 4.363279615752302476e+01
4.034341033574030178e+00 1.670157036958189778e+01 4.385867760825169626e+01
4.034459335295665028e+00 1.669762117040312077e+01 4.408886868055302699e+01
4.034576799544955072e+00 1.669371450843289040e+01 4.432342542976689970e+01
4.034693432400035640e+00 1.668984983977310321e+01 4.456240546001716751e+01
4.034809239892915400e+00 1.668602662846068796e+01 4.480586785614207201e+01
4.034924228009850289e+00 1.668224434634392495e+01 4.505387334113935083e+01
4.035038402691712101e+00 1.667850247296073007e+01 4.530648421461363995e+01
4.035151769834368629e+00 1.667480049541873655e+01 4.556376439606230377e+01
4.035264334909672179e+00 1.667113790827724173e+01 4.582577944694097738e+01
4.035376104485997040e+00 1.666751421343094819e+01 4.609259659190087177e+01
4.035487083944284237e+00 1.666392891999550940e+01 4.636428473914303083e+01
4.035597279003994231e+00 1.666038154419479156e+01 4.664091449983802562e+01
4.035706695341376715e+00 1.665687160924994359e+01 4.692255820655588394e+01
4.035815338589824108e+00 1.665339864527014058e+01 4.720928994409543122e+01
4.035923214340215281e+00 1.664996218914506798e+01 4.750118551459232918e+01
4.036030328141261059e+00 1.664656178443897971e+01 4.779832252603273446e+01
4.036136685499847943e+00 1.664319698128657521e+01 4.810078035931771012e+01
4.036242291881368516e+00 1.663986733629031178e+01 4.840864019221105252e+01
4.036347151771657593e+00 1.663657241241952889e+01 4.872198501072251986e+01
4.036451272437596494e+00 1.663331177891095791e+01 4.904089961913502549e+01
4.036554658277011320e+00 1.663008501117095861e+01 4.936547064862493528e+01
4.036657314592661194e+00 1.662689169067919792e+01 4.969578656442710951e+01
4.036759246647461552e+00 1.662373140489389911e+01 5.003193767149596738e+01
4.036860459664802114e+00 1.662060374715858657e+01 5.037401614777496661e+01
4.036960958828872847e+00 1.661750831661025529e+01 5.072211593568512455e+01
4.037060749284965055e+00 1.661444471808909640e+01 5.107633290214431554e+01
4.037159836139795566e+00 1.661141256204956562e+01 5.143676473608571342e+01
4.037258224461810485e+00 1.660841146447292616e+01 5.180351097034875352e+01
4.037355918708056102e+00 1.660544104678114152e+01 5.217667297738874765e+01
4.037452925022270378e+00 1.660250093575218600e+01 5.255635396318784558e+01
4.037549247782395767e+00 1.659959076343671214e+01 5.294265895933183685e+01
4.037644891906834843e+00 1.659671016707596536e+01 5.333569481322099648e+01
4.037739862277220482e+00 1.659385878902116218e+01 5.373557017638403011e+01
4.037834163738715176e+00 1.659103627665399827e+01 5.414239550650298582e+01
4.037927801100293479e+00 1.658824228230859177e+01 5.455628299232367340e+01
4.038020779135042204e+00 1.658547646319455282e+01 5.497734662145036566e+01
4.038113102580441094e+00 1.658273848132134987e+01 5.540570210631207715e+01
4.038204776138640817e+00 1.658002800342391936e+01 5.584146687572471990e+01
4.038295803057953215e+00 1.657734470088940526e+01 5.628476005133995130e+01
4.038386190818317623e+00 1.657468824968514909e+01 5.673570242206297820e+01
4.038475942588703127e+00 1.657205833028777775e+01 5.719441641643066276e+01
4.038565062932741867e+00 1.656945462761351706e+01 5.766102607294845228e+01
4.038653556380115361e+00 1.656687683094954266e+01 5.813565700838410777e+01
4.038741427426830732e+00 1.656432463388652110e+01 5.861843641781596403e+01
4.038828680535476501e+00 1.656179773425218471e+01 5.910949291019805685e+01
4.038915320135501474e+00 1.655929583404601857e+01 5.960895665496906304e+01
4.039001350623460773e+00 1.655681863937498832e+01 6.011695922444756235e+01
4.039086776363279618e+00 1.655436586039031965e+01 6.063363358033986117e+01
4.039171600819386754e+00 1.655193721122527961e+01 6.115911402999307711e+01
4.039255830031600603e+00 1.654953240993400598e+01 6.169353618071389889e+01
4.039339467394207794e+00 1.654715117843133498e+01 6.223703689218177715e+01
4.039422517143182567e+00 1.654479324243349581e+01 6.278975422699563325e+01
4.039504983483122480e+00 1.654245833139994559e+01 6.335182739939102703e+01
4.039586870587514866e+00 1.654014617847601443e+01 6.392339674002631256e+01
4.039668182598966872e+00 1.653785652043652021e+01 6.450460357321514948e+01
4.039748923629458588e+00 1.653558909763031437e+01 6.509559025785682707e+01
4.039829097760576637e+00 1.653334365392572991e+01 6.569650006710055834e+01
4.039908709043751323e+00 1.653111993665686441e+01 6.630747714362337319e+01
4.039987759354453090e+00 1.652891769657083287e+01 6.692866643846753050e+01
4.040066256991698523e+00 1.652673668777578442e+01 6.756021364845548760e+01
4.040144203756611319e+00 1.652457666768979649e+01 6.820226515225434127e+01
4.040221603582343057e+00 1.652243739699062886e+01 6.885496794517341357e+01
4.040298460373051626e+00 1.652031863956626268e+01 6.951846957277609818e+01
4.040374778004130363e+00 1.651822016246622482e+01 7.019291810107620222e+01
4.040450560322423001e+00 1.651614173585377188e+01 7.087846190460003015e+01
4.040525811146449264e+00 1.651408313295878116e+01 7.157524980259394454e+01
4.040600534266626020e+00 1.651204413003141624e+01 7.228343085748832664e+01
4.040674733445491995e+00 1.651002450629660245e+01 7.300315433554597178e+01
4.040748411105949067e+00 1.650802404390918099e+01 7.373456963537864794e+01
4.040821573588554649e+00 1.650604252790980198e+01 7.447782621598642550e+01
4.040894223252234241e+00 1.650407974618157425e+01 7.523307352443413265e+01
4.040966363750134960e+00 1.650213548940732977e+01 7.600046092328751968e+01
4.041037998708581824e+00 1.650020955102770515e+01 7.678013761792905711e+01
4.041109131727283810e+00 1.649830172719978094e+01 7.757225260311311388e+01
4.041179766379547900e+00 1.649641181675648838e+01 7.837695451720470885e+01
4.041249906212482479e+00 1.649453962116659866e+01 7.919439167484642894e+01
4.041319554747190068e+00 1.649268494449540867e+01 8.002471192804654265e+01
4.041388715478974270e+00 1.649084759336604478e+01 8.086806261094170623e+01
4.041457388630172787e+00 1.648902737692138842e+01 8.172459046913367331e+01
4.041525584162609874e+00 1.648722410678663408e+01 8.259444158983984607e+01
4.041593302225062523e+00 1.648543759703242984e+01 8.347776133299423407e+01
4.041660546211612193e+00 1.648366766413864326e+01 8.437469426344330259e+01
4.041727319491521087e+00 1.648191412695866376e+01 8.528538408437464113e+01
4.041793625409418667e+00 1.648017680668435858e+01 8.620997361027197314e+01
4.041859467285500607e+00 1.647845552681148718e+01 8.714860455799131955e+01
4.041924848415702876e+00 1.647675011310578697e+01 8.810141769291628577e+01
4.041989772071894471e+00 1.647506039356952456e+01 8.906855263574358617e+01
4.042054241502064826e+00 1.647338619840860474e+01 9.005014783613134455e+01
4.042118257945045201e+00 1.647172736000022653e+01 9.104634051647948922e+01
4.042181828586439707e+00 1.647008371286106865e+01 9.205726661790995990e+01
4.042244954604208296e+00 1.646845509361591553e+01 9.308306074857716794e+01
4.042307639152623366e+00 1.646684134096688013e+01 9.412385613443666443e+01
4.042369885362981030e+00 1.646524229566305308e+01 9.517978457259006575e+01
4.042431696343764536e+00 1.646365780047068483e+01 9.625097640657730835e+01
4.042493075180829010e+00 1.646208770014378686e+01 9.733756041193240094e+01
4.042554024937563995e+00 1.646053184139527659e+01 9.843966386299759108e+01
4.042614548655075524e+00 1.645899007286851301e+01 9.955741243058864143e+01
4.042674649352351324e+00 1.645746224510934752e+01 1.006909301659965479e+02
4.042734325111145388e+00 1.645594821053857615e+01 1.018403394720654234e+02
4.042793588771679048e+00 1.645444782342486434e+01 1.030057610775393044e+02
4.042852438337654952e+00 1.645296093985805896e+01 1.041873140147484662e+02
4.042910876741251158e+00 1.645148741772298351e+01 1.053851156006956273e+02
4.042968906893364078e+00 1.645002711667359563e+01 1.065992814215898505e+02
4.043026531683760361e+00 1.644857989810761012e+01 1.078299253645526505e+02
4.043083753981235873e+00 1.644714562514145584e+01 1.090771594428581466e+02
4.043140576633775574e+00 1.644572416258569802e+01 1.103410940293721865e+02
4.043197002468715162e+00 1.644431537692081591e+01 1.116218377029082660e+02
4.043253034292902726e+00 1.644291913627334267e+01 1.129194972869610751e+02
4.043308671887215766e+00 1.644153531039244598e+01 1.142341778553942220e+02
4.043363924050228597e+00 1.644016377062683532e+01 1.155659827416134533e+02
4.043418790501435822e+00 1.643880438990201398e+01 1.169150135511824402e+02
4.043473273967239656e+00 1.643745704269791830e+01 1.182813701778239590e+02
4.043527377154315872e+00 1.643612160502694408e+01 1.196651508227285063e+02
4.043581102749746137e+00 1.643479795441225022e+01 1.210664520474346659e+02
4.043634453421194763e+00 1.643348596986643173e+01 1.224853686839593507e+02
4.043687431817020617e+00 1.643218553187055520e+01 1.239219940290035851e+02
4.043740040566448535e+00 1.643089652235345355e+01 1.253764197697293241e+02
4.043792282279705219e+00 1.642961882467145429e+01 1.268487360433990858e+02
4.043844152105929624e+00 1.642835232358831021e+01 1.283390314741819793e+02
4.043895667554235018e+00 1.642709690525551736e+01 1.298473932123380337e+02
4.043946823684112069e+00 1.642585245719289233e+01 1.313739069755871753e+02
4.043997623031210686e+00 1.642461886826952977e+01 1.329186570924571811e+02
4.044048068112894967e+00 1.642339602868494097e+01 1.344817265473799353e+02
4.044098161428363980e+00 1.642218382995060111e+01 1.360631971008770336e+02
4.044147905458802761e+00 1.642098216487169893e+01 1.376631490573905410e+02
4.044197302667504879e+00 1.641979092752923819e+01 1.392816617154526284e+02
4.044246355500013657e+00 1.641861001326235225e+01 1.409188131609473373e+02
4.044295066384255399e+00 1.641743931865092065e+01 1.425746803786673524e+02
4.044343433179052205e+00 1.641627874149847699e+01 1.442493393024401769e+02
4.044391467412493668e+00 1.641512818081535130e+01 1.459428648650516891e+02
4.044439166876825809e+00 1.641398753680208600e+01 1.476553310476388106e+02
4.044486533930815142e+00 1.641285671083308983e+01 1.493868109282183525e+02
4.044533570916247989e+00 1.641173560544057608e+01 1.511373767289969976e+02
4.044580280158083241e+00 1.641062412429870676e+01 1.529070998981150922e+02
4.044626663964553615e+00 1.640952217220803888e+01 1.546960510164249172e+02
4.044672724627300653e+00 1.640842965508012696e+01 1.565043000353749960e+02
4.044718464421500848e+00 1.640734647992244533e+01 1.583319161904210262e+02
4.044763885605989095e+00 1.640627255482348090e+01 1.601789680669382960e+02
4.044808979153502904e+00 1.640520778893808895e+01 1.620455236325926762e+02
4.044853769908876018e+00 1.640415209247305839e+01 1.639316502659052617e+02
4.044898248733618473e+00 1.640310537667290447e+01 1.658374147806334804e+02
4.044942417822386282e+00 1.640206755380584269e+01 1.677628834455975095e+02
4.044986279354104930e+00 1.640103853715004334e+01 1.697081219995729100e+02
4.045029835492059078e+00 1.640001824098004946e+01 1.716731957323777635e+02
4.045073088384027571e+00 1.639900658055336891e+01 1.736581692167016797e+02
4.045116040162392679e+00 1.639800347209738263e+01 1.756631066959911323e+02
4.045158692944246681e+00 1.639700883279629906e+01 1.776880718269721342e+02
4.045201048831521540e+00 1.639602258077843899e+01 1.797331277243828822e+02
4.045243103018590247e+00 1.639504463510363053e+01 1.817983369389156962e+02
4.045284871410400385e+00 1.639407491575084563e+01 1.838837614278694161e+02
4.045326349123182119e+00 1.639311334360593975e+01 1.859894625182366212e+02
4.045367538199302615e+00 1.639215984044972529e+01 1.881155008619631985e+02
4.045408440666519390e+00 1.639121432894603814e+01 1.902619363831335875e+02
4.045449058538074461e+00 1.639027673263015217e+01 1.924288282789253515e+02
4.045489393812822243e+00 1.638934697589724010e+01 1.946162347138067332e+02
4.045529448475312151e+00 1.638842498399108649e+01 1.968242130797928837e+02
4.045569224495914717e+00 1.638751068299294289e+01 1.990528196931932428e+02
4.045608723830903308e+00 1.638660399981051086e+01 2.013021097505752550e+02
4.045647931352780446e+00 1.638570486216719146e+01 2.035721372238168669e+02
4.045686883248452936e+00 1.638481319859135965e+01 2.058629547461021616e+02
4.045725564243072725e+00 1.638392893840592635e+01 2.081746134888414019e+02
4.045763976237622295e+00 1.638305201171793613e+01 2.105071630295311991e+02
4.045802121119528749e+00 1.638218234940843487e+01 2.128606512105892818e+02
4.045840000762732203e+00 1.638131988312240495e+01 2.152351240140202719e+02
4.045877617027814566e+00 1.638046454525886730e+01 2.176306253082290993e+02
4.045914971762073264e+00 1.637961626896114353e+01 2.200471968155098921e+02
4.045952066799642921e+00 1.637877498810725996e+01 2.224848778496919124e+02
4.045988903961565519e+00 1.637794063730048322e+01 2.249437051525306686e+02
4.046025485055904092e+00 1.637711315186001215e+01 2.274237127013948623e+02
4.046061801509779343e+00 1.637629246781174430e+01 2.299249315092588404e+02
4.046097875913845954e+00 1.637547852187930530e+01 2.324473894173478641e+02
4.046133699597076472e+00 1.637467125147504277e+01 2.349911108808060760e+02
4.046169274316564035e+00 1.637387059469130435e+01 2.375561167477966080e+02
4.046204601816882018e+00 1.637307649029174783e+01 2.401424240324907942e+02
4.046239683830183509e+00 1.637228887770279684e+01 2.427500456824136279e+02
4.046274522076284796e+00 1.637150769700527064e+01 2.453789903406756423e+02
4.046309118262782611e+00 1.637073288892604239e+01 2.480292621036292644e+02
4.046343474085102976e+00 1.636996439482991050e+01 2.507008602745335679e+02
4.046377591226625547e+00 1.636920215671153045e+01 2.533937791138398552e+02
4.046411445682177366e+00 1.636844611718747800e+01 2.561080075867271262e+02
